0.0141663832761
0.00503984379575
0.0105165361808
0.0226430281229
0.00936690268479
0.0993512042371
0.00707503517677
0.0069488741663
0.00568225735982
0.0230195842831
0.00584818374397
0.0100740550913
0.00857533659726
0.00992823316166
0.0141663832761
0.0577676089777
0.051621905005
0.0102729811304
0.0144282088355
0.0069488741663
0.0172912783753
0.0773360703774
0.0299207710461
0.0238077839038
0.0114299371369
0.00806810840866
0.137981994568
0.00494804286503
0.255510949775
0.0157371662743
0.0368116924246
0.0355187884548
0.0527414063644
0.00627387108633
0.00601690133145
0.198890518108
0.0276507949254
0.0298157849557
0.0068388387864
0.0376752325596
0.0555131570157
0.0530603734363
0.0370495626081
0.0181145260169
0.0637669641801
0.0508867357024
0.0243883099639
0.0526194621447
0.0715865701602
0.022678392858
0.00788101344937
0.00465279081912
0.00779379487942
0.0178502073723
0.0141663832761
0.0256041806692
0.0363411232424
0.0068388387864
0.0087090089149
0.0141663832761
0.0152872027623
0.108114160028
0.026608221392
0.0135727688006
0.00637189873803
0.102481833164
0.0330085688165
0.0087090089149
0.00818572699677
0.0648349281852
0.0141663832761
0.022231649025
0.0141663832761
0.0530603734363
0.0203155206297
0.0281229954317
0.00399581780882
0.0146807392466
0.00921839692281
0.0210801223342
0.013158848909
0.0120475218784
0.00579259828876
0.0112113704576
0.0148999119306
0.0259075335829
0.0157204941874
0.00706973543015
0.0383771113584
0.0758187321959
0.0232903345294
0.00637189873803
0.0179640458
0.0302355960541
0.0332090330064
0.0066337319697
0.0133548831893
0.0087090089149
0.214181830028
0.175623788386
0.0157946246031
0.0134525007781
0.0160721728687
0.0144053246429
0.0236659967948
0.0108730095527
0.0229253671675
0.0578178248753
0.00736480982684
0.00685020693238
0.0526813184382
0.0124670226369
0.0591276483394
0.102444930858
0.00637189873803
0.0182006849271
0.0148999119306
0.0203317873104
0.0540278155401
0.183194650916
0.034723959156
0.00819934186835
0.0340171140279
0.145888895307
0.0249326342535
0.0098925707897
0.00633147880767
0.0141663832761
0.143484742798
0.196391312182
0.00601335652545
0.22352671004
0.033770255901
0.00503984379575
0.0387405724868
0.0196068322616
0.0170474684556
0.279042678858
0.00804244690743
0.00997533484737
0.0045741062668
0.100702899648
0.0408627574884
0.108778133511
0.0160413716997
0.176613249808
0.0196068322616
0.00776867831794
0.157193959822
0.168336171991
0.00637189873803
0.0485183971737
0.0608597148233
0.00760074995151
0.0322764128341
0.0195845115276
0.00864502104873
0.00525762447886
0.104480118226
0.0236659967948
0.222352626428
0.00865232449129
0.0353847655755
0.00705885983417
0.00551642104923
0.104480118226
0.0324154395881
0.0100901378891
0.0289779505514
0.0317538347675
0.0170929307605
0.0293591853758
0.00637189873803
0.104574062019
0.00897912263083
0.255510949775
0.0136196608369
0.182658655752
0.0439046223981
0.00546969776695
0.00658636214008
0.014806719919
0.0341415318002
0.0340171140279
0.0276106331998
0.0120222739375
0.00637189873803
0.0125972413665
0.00760074995151
0.0115630482717
0.0141663832761
0.0293591853758
0.00535280263639
0.00777412064984
0.0155669370942
0.00617376812025
0.136590502728
0.0041132047723
0.00759834457246
0.00627387108633
0.00686803185368
0.188034377582
0.0144919077117
0.00637189873803
0.0178502073723
0.0133340226591
0.00744658156704
0.188034377582
0.0640460827206
0.108317373517
0.00852133880406
0.0134525007781
0.00787601870745
0.0662399918983
0.0652428785151
0.0105165361808
0.0350907752745
0.0140567049468
0.0111308118772
0.0121522962175
0.170459736512
0.00637189873803
0.270131922747
0.00721964171562
0.0237915433445
0.0266856289247
0.00723647631658
0.00819787628461
0.0297200118109
0.0188948913997
0.00927606504247
0.0277545922547
0.0162481458593
0.0285425447391
0.0148999119306
0.0216476997481
0.029417447248
0.0223124783763
0.21863220546
0.0173504754652
0.0150833701422
0.00790970684735
0.0351523650125
0.00685931345912
0.0980561924217
0.0100776324564
0.0254732197388
0.0136438452104
0.169049719567
0.00637189873803
0.00637189873803
0.01374233896
0.0115069177401
0.0146390963971
0.275021384798
0.00850104792413
0.0223554734975
0.00769284283901
0.00637189873803
0.0129557545501
0.0101540937284
0.00500816598011
0.00991844601548
0.00588315069373
0.00637189873803
0.00503984379575
0.137981994568
0.0087090089149
0.0176267434688
0.0289263465409
0.00634268580912
0.0379129843083
0.00844930024209
0.0220778480416
0.00880146995068
0.0154368020453
0.0202447330259
0.0196068322616
0.0266798562505
0.00738515543157
0.178683487479
0.203255838216
0.00689176634857
0.108506842016
0.0104124773677
0.0381076841396
0.0123542201535
0.00549549719013
0.198890518108
0.0278627202749
0.185675129398
0.00588854261669
0.235666400521
0.0112113704576
0.169049719567
0.00831020400766
0.00840839631417
0.0143261663344
0.254475566951
0.162537123606
0.0657970679365
0.102206560027
0.0308604984548
0.0141663832761
0.00500939569609
0.00576856062914
0.0141663832761
0.00894733737354
0.0691763146636
0.00864627366471
0.0134525007781
0.0410605427106
0.0317538347675
0.0184532233368
0.00804980180615
0.0299503469972
0.0214358912597
0.0876404961282
0.0079907923885
0.0205317485094
0.0108730095527
0.00579259828876
0.00553350508363
0.0773360703774
0.00912846612052
0.0087090089149
0.00637189873803
0.0291724405627
0.00995852298039
0.0108730095527
0.19607315489
0.108114160028
0.0468133021384
0.00510129007834
0.00616163091746
0.08154217233
0.00448266900351
0.00519284447519
0.00707371284882
0.0134525007781
0.00769284283901
0.0124395408346
0.00816560539173
0.0584864396963
0.0317538347675
0.00760074995151
0.0300274685402
0.008151390968
0.0229183866042
0.0447465830923
0.0534907749639
0.00997590923104
0.150371880552
0.00539058066993
0.01374233896
0.0242286937031
0.108778133511
0.0176486708968
0.00892498797174
0.0087090089149
0.0166748003083
0.263589556787
0.041101983845
0.0107192634373
0.00788573135284
0.0179921235561
0.0781756770518
0.0411579634296
0.0951200848452
0.103542748454
0.0115512424075
0.0236659967948
0.0355187884548
0.0124395408346
0.00692047627525
0.0227864312355
0.00838914702377
0.0508867357024
0.182479895703
0.0530603734363
0.0376752325596
0.0401922396971
0.00691927878641
0.00808464284338
0.0178502073723
0.0078683453158
0.00759088515614
0.0150833701422
0.0317538347675
0.0141663832761
0.00934560422831
0.0136404507957
0.0112113704576
0.02040064543
0.183581146216
0.0107166595117
0.00892498797174
0.0105896252044
0.0220947751476
0.0155770940229
0.00564144733883
0.0170929307605
0.00588315069373
0.00503984379575
0.00601690133145
0.00783244528956
0.00729877361029
0.227742233463
0.0170614478013
0.00637189873803
0.00837951440817
0.00748395958965
0.00432298281323
0.0141663832761
0.127945327129
0.00769284283901
0.0242286937031
0.0387405724868
0.0297405733773
0.0189520852876
0.0178502073723
0.0134525007781
0.00700972247111
0.0208685235459
0.0763614706534
0.0356314000293
0.0183960716855
0.0087090089149
0.0238169532224
0.0108730095527
0.0058072540167
0.0134525007781
0.0141663832761
0.106603836454
0.0432254938645
0.0083218474352
0.00736100283533
0.0576894163758
0.140746440946
0.0556846750758
0.00637189873803
0.00841243689815
0.106603836454
0.00802581408213
0.00664705644283
0.00736100283533
0.200181366201
0.0039907629405
0.0085301961598
0.0270227906436
0.00445557198833
0.00762146072166
0.224404523319
0.008688208889
0.0207899828296
0.0076783957901
0.175623788386
0.00827510129425
0.0108730095527
0.0298159103538
0.143484742798
0.219502679856
0.00531534507753
0.00942439140771
0.107379083867
0.0744399197797
0.0107192634373
0.0130016412685
0.00758818748786
0.0173470542303
0.025866102708
0.0045866376675
0.0815109204915
0.0454540535633
0.0087090089149
0.013765149102
0.0281229954317
0.0401130593864
0.00870045120691
0.0453755037382
0.233189617555
0.0196270860101
0.0351347277231
0.038456059475
0.0220396411698
0.00445557198833
0.0134525007781
0.0087090089149
0.00858317212158
0.101245081144
0.226036446446
0.00927606504247
0.0260432366568
0.0196068322616
0.0132640244717
0.0118776481155
0.0641423706173
0.0303537962294
0.00588854261669
0.0134525007781
0.0340043629235
0.00592430252888
0.00626789284214
0.0141663832761
0.0176267434688
0.0087090089149
0.104574062019
0.0076469134088
0.00637189873803
0.00842739842822
0.0141663832761
0.0229183866042
0.0329349103185
0.00815700236452
0.0103838727657
0.00536928930971
0.0895378333481
0.0161629934142
0.020259689812
0.0155034162755
0.0079844745545
0.0296405983745
0.00848003792237
0.0218799382088
0.00627387108633
0.00871196241778
0.0108730095527
0.0419183157196
0.0415465952019
0.0541278677263
0.00637189873803
0.0229183866042
0.0145190999292
0.0352352159491
0.00627387108633
0.0112113704576
0.0149960430703
0.00637189873803
0.0438020154376
0.22352671004
0.00917552365948
0.0117527496088
0.0110825315803
0.211750060972
0.0196068322616
0.138610694109
0.0123920667149
0.00655250279444
0.0087090089149
0.00867270775966
0.0202650300577
0.00616163091746
0.0229183866042
0.198890518108
0.00637189873803
0.00515867954157
0.0648349281852
0.0092734948937
0.0808569079649
0.179253533436
0.0910123485671
0.00819428185822
0.194496098776
0.0228823941062
0.00415127608728
0.0141663832761
0.00984463249238
0.00623479644419
0.00738515543157
0.13840849431
0.109345041474
0.0914448423999
0.0087090089149
0.0317538347675
0.0447226196243
0.201489399388
0.138947527902
0.269668642772
0.00637189873803
0.0141663832761
0.0108730095527
0.0236659967948
0.0258780288113
0.00518046302482
0.0239110575862
0.0123735205934
0.930601777178
0.00432298281323
0.0128734491845
0.0251217492115
0.0160491141146
0.0213320565531
0.0041938205788
0.0147437233106
0.0199427159358
0.00686803185368
0.0245017833079
0.0110825315803
0.0179831166631
0.200181366201
0.0169038613202
0.0187926964851
0.0108730095527
0.143754401046
0.00637189873803
0.0464650813011
0.0781756770518
0.0087090089149
0.00689199861734
0.0123748101684
0.0972958851353
0.0405309199827
0.00627387108633
0.0500441105764
0.0317538347675
0.0262177264257
0.00601690133145
0.0105165361808
0.0273024845939
0.0236690240872
0.0370616143668
0.00951736328238
0.0231990572062
0.0112113704576
0.0736979914396
0.0275945349862
0.00588854261669
0.0240056453729
0.0074669690343
0.00469928510883
0.0550246228176
0.0424774157219
0.0196270860101
0.0169029950894
0.0135093799588
0.0196270860101
0.0117348270557
0.0182697178091
0.0218799382088
0.00522974558344
0.282922033384
0.0510687702028
0.0127418086307
0.00637189873803
0.0101202415905
0.0276360825441
0.0096603124398
0.0217019668001
0.0196068322616
0.00731025731246
0.0196068322616
0.00637189873803
0.0387405724868
0.0141663832761
0.0130258128964
0.00760074995151
0.0666794933627
0.00769284283901
0.0340171140279
0.00637189873803
0.00588315069373
0.0304409515494
0.00637189873803
0.00500939569609
0.22493973478
0.00824488088985
0.0934050201
0.00705395945741
0.108778133511
0.00840839631417
0.00637189873803
0.00929175477449
0.0176267434688
0.00678782424792
0.0110321410176
0.0257330862842
0.117336434215
0.0105093296745
0.102688210313
0.00448266900351
0.0345253337717
0.00686803185368
0.033436551663
0.00458842757164
0.00601690133145
0.0230340377664
0.036233315761
0.00748262259513
0.0288100940688
0.0538694471084
0.0199165880239
0.0134525007781
0.00434392092612
0.0132140439052
0.0162309118213
0.00655767515119
0.208462037254
0.0126157825296
0.0202587899973
0.00707371284882
0.0068388387864
0.0837469764139
0.045752071316
0.0184432326173
0.0395897031605
0.0100901378891
0.0178502073723
0.0104662348599
0.0185618914576
0.177076953533
0.0130258128964
0.138899408189
0.0257773267713
0.0141663832761
0.0174502884209
0.0164567816902
0.0591669393261
0.0383966080014
0.021111577627
0.0387405724868
0.00865025552033
0.0230195842831
0.00809036291032
0.0342742459659
0.017316770419
0.106076685365
0.0134525007781
0.0047143611211
0.0116496538446
0.0239870998161
0.265367406588
0.03762961755
0.0112113704576
0.0087090089149
0.0137123373722
0.0176267434688
0.00528498966848
0.00694854467843
0.00895859862013
0.0347311743592
0.0343206782755
0.00770815444208
0.0134525007781
0.0594332527367
0.0120286593204
0.0112425884008
0.0073526052815
0.0166378089888
0.0171925125021
0.0194543978571
0.0791020990068
0.0283307818422
0.0293082102514
0.152748834901
0.0105165361808
0.00738515543157
0.164693805884
0.029003542803
0.00456888163024
0.00600523707534
0.0360407291542
0.0130258128964
0.020913919857
0.00794442319612
0.0317538347675
0.0103838727657
0.0210231229457
0.00534725752448
0.0108730095527
0.0116702681846
0.0320181081002
0.0114357223378
0.0317538347675
0.0170864966569
0.0259019762068
0.00817661138461
0.0101971928196
0.0933768404239
0.0177138125319
0.0287241550635
0.0108730095527
0.00681476734089
0.0500064144132
0.0384848543042
0.00661753734037
0.0236659967948
0.0056682185249
0.0141663832761
0.0659664583702
0.15254866591
0.00914560502152
0.00757275498591
0.0452263076969
0.255510949775
0.00627387108633
0.0242286937031
0.143754401046
0.123963413989
0.0107481901135
0.0299713456838
0.00804244690743
0.00588854261669
0.188369347131
0.0133732242165
0.00748395958965
0.030078059841
0.0392544985577
0.0139620767659
0.0066795507884
0.00982686442305
0.00970318750329
0.00790209999422
0.0345253337717
0.0274441684607
0.193125501188
0.150371880552
0.0469829507546
0.0141663832761
0.0236659967948
0.019333046929
0.0266114896566
0.0235847897857
0.0118027379439
0.257652319178
0.0242285223263
0.00543666690475
0.267341431718
0.0384369203531
0.0172122785133
0.0471007849591
0.0114546515453
0.00476254383048
0.0254901943034
0.00479169248102
0.027857186304
0.0105165361808
0.00601690133145
0.164693805884
0.0105071023599
0.0141663832761
0.106603836454
0.0134525007781
0.0105896252044
0.0075348977304
0.0196068322616
0.00996549716404
0.050486892155
0.0113872748064
0.0845323269708
0.0195658938006
0.00864627366471
0.0141663832761
0.0172457524372
0.00444642066379
0.0981344101322
0.0230195842831
0.00627387108633
0.0704810707707
0.0145889860372
0.0473181909049
0.0528736318027
0.0914831451792
0.16282897472
0.0489438197745
0.028725295325
0.0134525007781
0.0317538347675
0.0119393965485
0.180317505662
0.0352196880865
0.0077412535158
0.198890518108
0.143484742798
0.00744915857854
0.00974347751085
0.0347241840779
0.242809584427
0.0351347277231
0.0321728535916
0.150371880552
0.0242286937031
0.0340171140279
0.0125783824001
0.0085301961598
0.00864627366471
0.0243882169434
0.00727165354312
0.0335330990951
0.291201910199
0.216475396611
0.247310922144
0.00627387108633
0.0187225814491
0.0286000161352
0.0112113704576
0.0108145891447
0.0458479750307
0.0675491693524
0.0128481440434
0.0367410868395
0.00632154644583
0.0141663832761
0.00558594359989
0.0103838727657
0.0219328404731
0.0148244608923
0.221663426753
0.0387405724868
0.0117375236345
0.110383136443
0.0074297218918
0.0745416107066
0.0102005708447
0.0100901378891
0.00627387108633
0.0827398951147
0.0133732242165
0.108778133511
0.0130258128964
0.00601690133145
0.00637189873803
0.0130258128964
0.0350900686503
0.0519309491037
0.170459736512
0.0542594566572
0.0134525007781
0.0111308118772
0.0259424319705
0.0205324805936
0.0105165361808
0.981427959557
0.00500939569609
0.00702336015844
0.0256900655167
0.0130258128964
0.00797098380738
0.0056682185249
0.00746947850846
0.00972247146956
0.0594332527367
0.086325713776
0.00780143638836
0.0108730095527
0.0170929307605
0.00921297191323
0.00465678796696
0.0188847839855
0.0176267434688
0.0233176290806
0.0488885962617
0.138610694109
0.0169698017753
0.0200396475201
0.0141663832761
0.00877413121986
0.0164587528146
0.013707262726
0.0111973860241
0.0119917549728
0.202833963644
0.00867242090062
0.0151407808591
0.0428537792867
0.0316899291711
0.0152600951168
0.0189806791923
0.00503984379575
0.0134525007781
0.0087090089149
0.00599710152398
0.101245081144
0.102688210313
0.0120286593204
0.244982748946
0.169049719567
0.0340171140279
0.0087090089149
0.00846167978513
0.0358030656559
0.0087090089149
0.00819770381277
0.0317538347675
0.179680184152
0.0145072800321
0.113999934611
0.00994960643002
0.0487578226047
0.0112113704576
0.00601335652545
0.0191317749177
0.0569157293483
0.00637189873803
0.0112113704576
0.233189617555
0.00760074995151
0.108778133511
0.00760074995151
0.0268835944648
0.0327481467026
0.00637189873803
0.202806506171
0.00941806492962
0.17736892505
0.0191582973931
0.00890450008311
0.0113488119003
0.151436658766
0.0366493386108
0.0141663832761
0.0244254864482
0.0315303764935
0.00576288309224
0.0100219001414
0.00882724584995
0.00465279081912
0.00713978582595
0.0108730095527
0.00627387108633
0.0216394866192
0.533290198293
0.0246871869155
0.234958821719
0.182658655752
0.0317538347675
0.00678782424792
0.00566695990002
0.0112113704576
0.0317538347675
0.00637189873803
0.011771758367
0.00804244690743
0.0317538347675
0.0551024510392
0.0308559654045
0.00983711970286
0.025367912468
0.0130258128964
0.0048098750749
0.0281229954317
0.0152920352893
0.138610694109
0.0105165361808
0.00762146072166
0.0317538347675
0.0150140975616
0.0538187018565
0.00760074995151
0.0454995113993
0.162537123606
0.0178502073723
0.00678782424792
0.0127836646997
0.0791669841631
0.0394020658144
0.00596268346366
0.0252844283621
0.0949238054884
0.215178734321
0.0196068322616
0.0082590523878
0.0056625529378
0.0892709590974
0.00588315069373
0.00592430252888
0.00637189873803
0.00820484199014
0.00862645977661
0.0148537755164
0.0200054822291
0.138980122057
0.0174693063384
0.0170794828428
0.00953956525809
0.025192497692
0.0128391640809
0.0141663832761
0.0113684221845
0.0922080494696
0.0256838457535
0.0196270860101
0.00993547944987
0.0299789606858
0.00434392092612
0.00760074995151
0.00637189873803
0.0222790061589
0.0143239496009
0.00980548909043
0.00627387108633
0.258592952377
0.0479716900512
0.00500939569609
0.00592430252888
0.0141663832761
0.0344815765036
0.0134525007781
0.0164009355325
0.0167535724387
0.00676242345277
0.143754401046
0.00700972247111
0.00857533659726
0.0274441684607
0.00597706230304
0.00881233208551
0.0289263465409
0.0181610727477
0.00543294826474
0.0330316452045
0.0215828515732
0.152244462008
0.0232578913666
0.00685020693238
0.0535377380354
0.00627387108633
0.00559422213888
0.0322995917491
0.0148999119306
0.16250275006
0.0294548126167
0.0084000362621
0.0153497239839
0.0108730095527
0.0103838727657
0.108114160028
0.0324838530686
0.0669953882224
0.00611453621257
0.0796079176934
0.244763966469
0.0185426020509
0.246956999941
0.0291410722095
0.00892196268492
0.00738515543157
0.0110009354969
0.00920399916066
0.065975179578
0.0141663832761
0.0105165361808
0.020025612559
0.180484062335
0.0141663832761
0.182658655752
0.00599710152398
0.00503984379575
0.00808909285896
0.0939157903339
0.0141663832761
0.15803064114
0.0533388573421
0.0222076744871
0.00769284283901
0.0355187884548
0.0208978557678
0.0127241241458
0.0141663832761
0.00637189873803
0.121009885565
0.188369347131
0.10210905619
0.0236659967948
0.0180234400184
0.0353580807705
0.0145911590513
0.0130258128964
0.057053444837
0.00555523065576
0.00667402988304
0.21863220546
0.0108730095527
0.0205860772484
0.0200021572275
0.0436797134206
0.0150490284598
0.102245424996
0.0061814497117
0.0569157293483
0.288816478466
0.0161644635613
0.0236245166537
0.0342987470356
0.00791355757834
0.00541888913884
0.0141663832761
0.252820750251
0.0387405724868
0.00640980387899
0.00905229669374
0.00792575581066
0.00546969776695
0.371060318145
0.108778133511
0.0118296758351
0.0105165361808
0.0381076841396
0.00657371930066
0.0835104920687
0.282224291379
0.00588315069373
0.0340991934967
0.0236659967948
0.591660443508
0.0266298230628
0.0218996682559
0.0176267434688
0.0223691848605
0.0317538347675
0.0182466161397
0.0518764570737
0.0124754154601
0.00637189873803
0.0137043968094
0.0100901378891
0.0123904105992
0.0393026467489
0.00588315069373
0.00980149456865
0.0112113704576
0.00500939569609
0.0102808145418
0.0376752325596
0.0527905884259
0.00438326777163
0.0215828515732
0.00588854261669
0.182658655752
0.0218799382088
0.010044264985
0.0141663832761
0.00629054457319
0.104574062019
0.0199315556426
0.0210460369441
0.00831126954812
0.0522946637334
0.00543908805931
0.0123686857115
0.0453166377272
0.0097661023523
0.0239625712769
0.0087090089149
0.0367956397025
0.0104540633147
0.00500939569609
0.033424483959
0.00572078283433
0.0451430530194
0.00503984379575
0.0227169002601
0.0485859317488
0.00637189873803
0.0160266942892
0.0215828515732
0.00503984379575
0.0137123373722
0.00623182388392
0.247689013038
0.198890518108
0.164693805884
0.180317505662
0.0107864838274
0.188034377582
0.143484742798
0.19607315489
0.0317538347675
0.00760074995151
0.00627387108633
0.00760074995151
0.00637189873803
0.0577676089777
0.144496399742
0.00637189873803
0.0100748929488
0.00448707169189
0.106889622486
0.00444642066379
0.0134525007781
0.0124392514928
0.00880146995068
0.152244462008
0.237803587751
0.00773754048969
0.0236659967948
0.247680695595
0.0141663832761
0.00738515543157
0.00590480562597
0.00906612974097
0.00809702855348
0.0664155345152
0.00947926409065
0.180317505662
0.00477586783
0.00852093839448
0.012998043608
0.0191884980983
0.0476745160651
0.0405140309594
0.0103563753756
0.00580287845556
0.0205402919782
0.00736100283533
0.0992156482071
0.00819828407024
0.0087090089149
0.0249951336193
0.0069549754435
0.00829393768068
0.00819321887956
0.0182779224312
0.0196068322616
0.233189617555
0.070282820059
0.00503984379575
0.00503984379575
0.213713897825
0.0229183866042
0.0352352159491
0.103998782026
0.0508867357024
0.19607315489
0.0112113704576
0.00602028165585
0.187109695011
0.00878541356781
0.142236713273
0.00707503517677
0.0342321755174
0.0145666131717
0.0141663832761
0.0963626039888
0.236019571327
0.0217732076936
0.0130258128964
0.0372391950715
0.0196068322616
0.0169542312917
0.0120286593204
0.0185042086077
0.0341583332462
0.0394020658144
0.0383677121738
0.0189107023405
0.00516542612673
0.00503984379575
0.0141663832761
0.0137123373722
0.0087090089149
0.0469906209795
0.00696836201355
0.0317538347675
0.00637189873803
0.00964043504364
0.138610694109
0.0125628713038
0.0170120701587
0.00630752197775
0.0196270860101
0.031427128862
0.0490230567697
0.0145899648921
0.00637189873803
0.0169698017753
0.233055952888
0.0520170272204
0.0141663832761
0.134371102383
0.00637189873803
0.0742834764545
0.00809857967982
0.0661617955564
0.0236659967948
0.00588315069373
0.00500939569609
0.0236659967948
0.0115054631389
0.0704732266824
0.0087090089149
0.00588854261669
0.00804244690743
0.00584822676915
0.00953868427602
0.00555367918441
0.0409397756247
0.0451739227678
0.0317538347675
0.0254741721433
0.0129300144569
0.0122526171901
0.0141663832761
0.0273854236171
0.00988559239259
0.0171231124276
0.024503820322
0.0439855883443
0.00627387108633
0.00765889856042
0.0286466753933
0.0141663832761
0.00738515543157
0.0972854457706
0.00588315069373
0.0163932876842
0.0068388387864
0.0242286937031
0.00673367623804
0.00407336264748
0.00588315069373
0.0214452375683
0.139123854606
0.0263096194603
0.00533783493915
0.0591600166307
0.0111308118772
0.0489585880569
0.0272232419684
0.00500939569609
0.0461512805528
0.0130143584014
0.0236659967948
0.0703527417363
0.0141663832761
0.0103552857384
0.0211939901047
0.00748427589086
0.0293591853758
0.00694368978548
0.0473508245184
0.00512751719841
0.0273957926037
0.0317538347675
0.00689199861734
0.0288116294761
0.0134566915142
0.0108730095527
0.0744798872805
0.00910539285407
0.0203122847186
0.0107318865753
0.0212218676584
0.00590480562597
0.00637189873803
0.0108730095527
0.00671544796663
0.00785667818751
0.00720873625173
0.0155375106881
0.0177356007722
0.00918528833425
0.0774570708828
0.140361009435
0.0175489203791
0.0292961112515
0.0141663832761
0.0352352159491
0.00612444728403
0.090403293659
0.00826158936515
0.00627387108633
0.0397702186044
0.00601335652545
0.0238365081773
0.031482102435
0.00733181929693
0.00986198487834
0.0725987091849
0.0068388387864
0.0232900244633
0.1134996605
0.0228010274084
0.0214987613256
0.0464491615496
0.0201192036952
0.0331987084946
0.00889357570772
0.021111577627
0.0350925960215
0.184344990854
0.0134525007781
0.00579259828876
0.0376752325596
0.15609605946
0.0791669841631
0.00465279081912
0.0104847770439
0.00627387108633
0.0104584100805
0.00692709710061
0.0170952451252
0.0317538347675
0.0194887824493
0.00637189873803
0.0155105951873
0.0573262879969
0.0078409825976
0.00637189873803
0.00459361629516
0.124942280241
0.0363018851981
0.0188254709342
0.00557645219661
0.00684121959274
0.170786746437
0.0340171140279
0.0638908151678
0.0542121167828
0.26603636189
0.00584252318112
0.00531534507753
0.00900045960445
0.0364609447001
0.00627387108633
0.00760074995151
0.0233176290806
0.00658054414497
0.00627387108633
0.143754401046
0.0512700699098
0.182658655752
0.0304483034821
0.0194744279872
0.00601335652545
0.0351347277231
0.0122909728432
0.0387405724868
0.0141663832761
0.00750181214616
0.0130258128964
0.0087090089149
0.00913462958543
0.00499276625982
0.0387405724868
0.0236659967948
0.0137123373722
0.0126330099744
0.111808235217
0.0781756770518
0.0282696177786
0.0340171140279
0.01374233896
0.00689176634857
0.0242286937031
0.00503984379575
0.0196068322616
0.00637189873803
0.0571613312691
0.00927606504247
0.0128829551174
0.0174509485613
0.0239149908456
0.0112113704576
0.00754533198888
0.0154180263487
0.0197515262504
0.0236111524631
0.0103261988694
0.0104547457743
0.0169545028713
0.0178502073723
0.0343614089618
0.266576006091
0.0145517845574
0.00808264522463
0.00857533659726
0.0196068322616
0.0150833701422
0.181716418115
0.204013741874
0.0414805027952
0.0103552857384
0.0354818858338
0.00702841918768
0.0565981135624
0.00626869604002
0.0432160835419
0.0108730095527
0.148992810051
0.0190364979085
0.0867080109556
0.0315303764935
0.0317538347675
0.0229253671675
0.00588315069373
0.00857533659726
0.0148550494917
0.0236659967948
0.00738515543157
0.0317538347675
0.0305127452969
0.0570781507289
0.236913969841
0.0481168794667
0.0934789567386
0.0766573041218
0.247689013038
0.0264818977885
0.0452178777598
0.0125209676276
0.0130557933779
0.0238365081773
0.00637189873803
0.0143239496009
0.056243482052
0.143754401046
0.0411445189124
0.0242286937031
0.0294020431843
0.0306865182677
0.00727896429841
0.0292033113509
0.0196075758754
0.0406595962669
0.0179768817807
0.0107508212378
0.0318168685291
0.0251731684095
0.0104696913444
0.252524537262
0.0722943544785
0.0100081247293
0.0492395421451
0.0180549130085
0.0560214838394
0.0148090218625
0.0491315490888
0.0196270860101
0.0227864312355
0.0066118492156
0.00570138190317
0.0162862099623
0.00592430252888
0.0518203780816
0.103798504206
0.00427634217689
0.015813159908
0.0146215054144
0.0139720709203
0.035537835995
0.164311385123
0.00588315069373
0.00833518392476
0.0141663832761
0.0142261080815
0.196391312182
0.00901981589823
0.196569110801
0.0126303075997
0.0317538347675
0.108778133511
0.0092112383217
0.00515867954157
0.017234239363
0.00679858206771
0.0387405724868
0.00556629381757
0.0279243512285
0.19932921122
0.00601690133145
0.0141663832761
0.0988639219586
0.0267578212472
0.00767097189381
0.213713897825
0.0172132084388
0.00521917731236
0.00686803185368
0.00637189873803
0.247689013038
0.0655502687386
0.00637189873803
0.0242286937031
0.0830998463154
0.0141663832761
0.00736637734804
0.0196270860101
0.00503984379575
0.0141663832761
0.0437987677632
0.00769879757516
0.00637189873803
0.165680852693
0.138947527902
0.00637189873803
0.138947527902
0.0227079879706
0.0166813169443
0.0793606544865
0.00718899371176
0.0325892722422
0.0289263465409
0.0889385139207
0.0108730095527
0.0141663832761
0.00892660564296
0.0141663832761
0.00637189873803
0.0141663832761
0.0136196608369
0.110671000019
0.0408892537258
0.0567040824895
0.080562286951
0.0309114870953
0.188369347131
0.0369091474376
0.0317538347675
0.00772212360708
0.00804244690743
0.00809857967982
0.0105675542905
0.0168114999245
0.0190842073243
0.0233176290806
0.0178502073723
0.00907200812479
0.0332459890693
0.00445051596745
0.0112113704576
0.0122979423633
0.0130258128964
0.00819428185822
0.0163928990562
0.00735717740596
0.00691927878641
0.0141663832761
0.00769284283901
0.00500939569609
0.0351347277231
0.0615894910782
0.182658655752
0.0124804666471
0.0254599036433
0.00717417824848
0.0141663832761
0.0167952981972
0.143724974097
0.00732796332533
0.00517221478632
0.152244462008
0.0108730095527
0.0480089005141
0.00851551974201
0.0317538347675
0.00927606504247
0.00627387108633
0.0176267434688
0.0044612129663
0.00524270586586
0.010189271556
0.0215628638114
0.0109465515858
0.0113533311533
0.00678782424792
0.0210231229457
0.236019571327
0.00707371284882
0.0186432278399
0.00637189873803
0.044241036271
0.00971697625997
0.182658655752
0.00736100283533
0.0919542791312
0.00685020693238
0.0115224497234
0.0192987620185
0.00804734349298
0.0296021694308
0.00969898455765
0.0312776137693
0.00658181350261
0.0234776147408
0.244763966469
0.0141663832761
0.0123686857115
0.0103838727657
0.0111557591491
0.0118924155792
0.0108730095527
0.0117517531184
0.00528352271529
0.0104847770439
0.0149185778155
0.0219509032154
0.0100194155296
0.0413298348127
0.287640757696
0.00637189873803
0.150371880552
0.0217808152608
0.164693805884
0.246946219532
0.00965976626417
0.0878578335896
0.00637189873803
0.0118835543748
0.0130258128964
0.0239585701778
0.0069695919842
0.00821264443523
0.0179435467732
0.00981733652918
0.0938432885176
0.223494310466
0.0137123373722
0.0156799494333
0.0140613872051
0.0105165361808
0.00952082579646
0.0141663832761
0.00627387108633
0.0367864955916
0.00694854467843
0.0170929307605
0.0761280053966
0.0494387742173
0.0129639240725
0.00601335652545
0.0550450164731
0.0196068322616
0.00738515543157
0.241133757806
0.0164110184087
0.0103838727657
0.0408573260798
0.00983196414634
0.0124418536574
0.0173689092353
0.0114886876059
0.0180549130085
0.00581788873039
0.00562655348396
0.252820750251
0.0236659967948
0.0182072456285
0.0627446864387
0.00917028902235
0.151550432693
0.0259346494026
0.00941806492962
0.00773711174491
0.213713897825
0.0134525007781
0.0286000161352
0.0170526651869
0.00599710152398
0.0177900340594
0.00637189873803
0.00601335652545
0.0220872147374
0.0473508245184
0.0269253898531
0.016759882405
0.038384940507
0.00514591239815
0.034613206861
0.00760074995151
0.162537123606
0.0100175542313
0.158627195286
0.00842152233435
0.0141663832761
0.00627387108633
0.00588315069373
0.0605191600616
0.0629232802436
0.137981994568
0.447003283846
0.0155541977738
0.0178502073723
0.00637189873803
0.0522210691804
0.017775047736
0.162537123606
0.00627387108633
0.00627457880984
0.025736949819
0.109257264061
0.247689013038
0.00748395958965
0.0700781367536
0.00626789284214
0.026640220501
0.0741733669646
0.0195942235241
0.015592430597
0.00938539684619
0.00486040626379
0.0214638924968
0.0116985324798
0.0141663832761
0.0178502073723
0.0169538794898
0.00858363032383
0.179680184152
0.00682546421094
0.0149185778155
0.0350092938042
0.0569157293483
0.0584049053111
0.0217244055608
0.0233176290806
0.0174478936623
0.0152600951168
0.00750796183713
0.00637189873803
0.233181971197
0.0495883736001
0.0317538347675
0.0317538347675
0.00590480562597
0.0142965924441
0.0114805045321
0.0213982390604
0.0376752325596
0.0102808145418
0.00857062969543
0.065975179578
0.0172799490551
0.00697410270823
0.00588315069373
0.00738515543157
0.0087090089149
0.119004801863
0.00548793982054
0.0137723654366
0.0136581595281
0.0192956795561
0.0391479702579
0.172537501084
0.00528324138141
0.0781756770518
0.0133919504426
0.00739361057539
0.00588854261669
0.00792575581066
0.00702483532256
0.0219509032154
0.0145981191055
0.00913376932257
0.0142056953759
0.0188905564175
0.0137123373722
0.00769284283901
0.0108730095527
0.0894528124841
0.0048539278438
0.0147515844472
0.0087090089149
0.0404498080721
0.1306250623
0.0256519801374
0.0289828029961
0.0092092829581
0.180317505662
0.269668642772
0.0291685296334
0.006256891667
0.00912846612052
0.00762146072166
0.0296287196857
0.00703229805522
0.00912250942669
0.0229183866042
0.0224378760422
0.0347335161578
0.0841803706568
0.00637189873803
0.00907849612467
0.0515143789581
0.0619220336212
0.0317538347675
0.00840812889052
0.0378919066628
0.010522243325
0.00978312684483
0.00637189873803
0.035595545524
0.00756536115849
0.00500939569609
0.0351523650125
0.1306250623
0.00637189873803
0.0229183866042
0.0079350399268
0.012998043608
0.188369347131
0.00609477660963
0.0817168733644
0.0105165361808
0.0071651315527
0.00637189873803
0.0876354103039
0.0317538347675
0.0179980359069
0.0253768577691
0.00737105939618
0.0466928815768
0.00745527804934
0.0321717882085
0.0286000161352
0.0100671353452
0.00767821088156
0.0192360438908
0.0320322695504
0.0376752325596
0.00588854261669
0.00971342122997
0.0129419167255
0.143754401046
0.0186432278399
0.0317538347675
0.0141663832761
0.0285590165152
0.00637189873803
0.0083724648713
0.0194671363026
0.00632966920757
0.035345391343
0.151424515428
0.0307067791819
0.168336171991
0.0145161984528
0.00858317212158
0.0104467195506
0.0317538347675
0.0139717113723
0.00637189873803
0.182658655752
0.0196068322616
0.0134525007781
0.044471313969
0.00637189873803
0.0106227773999
0.0103328161495
0.162537123606
0.00736627035551
0.00809279220876
0.032315908647
0.00599710152398
0.0102163243398
0.0190122642737
0.0305283229825
0.00500939569609
0.0506611292262
0.0229183866042
0.00627387108633
0.0236659967948
0.165788696591
0.120799824008
0.182658655752
0.00822488196569
0.0781756770518
0.0253086082713
0.0141663832761
0.143484742798
0.0305890225227
0.0530603734363
0.00970771160319
0.0148242049586
0.0104759816532
0.00732551376069
0.0103838727657
0.164356385772
0.0109700498995
0.00638881464259
0.0608597148233
0.0141663832761
0.0141663832761
0.127945327129
0.266368182897
0.00588315069373
0.0112113704576
0.0932787232795
0.021505234934
0.0171163751973
0.0334732483219
0.180317505662
0.0194671363026
0.0087090089149
0.0105955898356
0.00754097657508
0.0296963292384
0.150371880552
0.00804244690743
0.00760074995151
0.101245081144
0.00742787082554
0.00737066946902
0.00667748921025
0.124522056093
0.0108730095527
0.00540399465713
0.0351347277231
0.00645799584232
0.00685317541711
0.236475163791
0.0181283841575
0.0178502073723
0.27536020817
0.00637189873803
0.00760074995151
0.00531682795855
0.00781542111978
0.00736100283533
0.0130258128964
0.00534074725507
0.0101966050593
0.23986922201
0.0196068322616
0.00399581780882
0.0157743982779
0.0043284566565
0.0299310364107
0.0594815033622
0.00755460279103
0.0609723980251
0.262928667258
0.0068388387864
0.0149876443698
0.0196068322616
0.0144276088087
0.0126605715605
0.00640810343284
0.0133732242165
0.00532776023605
0.0376752325596
0.00938539684619
0.0087090089149
0.018355847401
0.0183791899911
0.0110825315803
0.0105165361808
0.0778521788814
0.0208685235459
0.00637189873803
0.046395195208
0.02183622854
0.0581420362423
0.0108730095527
0.0178502073723
0.006388441321
0.0130258128964
0.00637189873803
0.0445962538383
0.00686803185368
0.0044612129663
0.0370616143668
0.00470413781341
0.00900460923139
0.0105093296745
0.0586012711339
0.00432298281323
0.00706973543015
0.0236659967948
0.00805592849095
0.243122031462
0.00687674467279
0.00738515543157
0.0257114991646
0.0134525007781
0.0100175542313
0.0236659967948
0.0271292351459
0.0168306253715
0.0107109342988
0.00870132503067
0.0134869543239
0.00588315069373
0.0608597148233
0.0141663832761
0.198890518108
0.0407519270548
0.00648913699857
0.00421028352165
0.00503632399978
0.143754401046
0.0110400673617
0.00912480454178
0.0125071391387
0.0123686857115
0.00821264443523
0.0222984328651
0.0149800056511
0.00609477660963
0.0210882441651
0.00804244690743
0.138947527902
0.0229752521616
0.0141663832761
0.0043292652821
0.0204552650352
0.37020704756
0.00637189873803
0.0087090089149
0.010484290282
0.0324346337126
0.252485463267
0.104574062019
0.0407999899842
0.00804980180615
0.0134525007781
0.00637189873803
0.0054000172242
0.0113174342423
0.0160352154587
0.0120565217137
0.0136691939693
0.0317538347675
0.065975179578
0.040324364912
0.0111308118772
0.00986526088315
0.0203609579576
0.00864627366471
0.0815190029247
0.108114160028
0.0299713456838
0.0489438197745
0.0103423579678
0.0440543744409
0.0174442940742
0.229618657684
0.0299310364107
0.0106063684155
0.0297002146495
0.00590480562597
0.00906612974097
0.0087090089149
0.0919542791312
0.00627387108633
0.00867270775966
0.0192227821814
0.0087090089149
0.0108739248569
0.0605649114433
0.0225592180521
0.0178502073723
0.0161865494755
0.0119510810465
0.0178502073723
0.0109043093898
0.0128627512693
0.0358711981333
0.00512751719841
0.0893824929803
0.013532466005
0.00588315069373
0.180317505662
0.0178502073723
0.00841737444587
0.0079844745545
0.0108730095527
0.0615524455332
0.0340171140279
0.00817535221554
0.0228794219138
0.00676242345277
0.034666973651
0.0317538347675
0.0085301961598
0.0107232665939
0.0319378786392
0.0387405724868
0.0469257802511
0.0111308118772
0.269668642772
0.00708951750106
0.0196068322616
0.02821762768
0.0129181908802
0.236019571327
0.00736100283533
0.0162200422244
0.00637189873803
0.0196068322616
0.0146746787123
0.0108730095527
0.00543282663495
0.103257845455
0.0105134866328
0.00678782424792
0.0553352018039
0.0113277480185
0.00981119087593
0.0105896252044
0.211541215791
0.00631119678451
0.00738515543157
0.00588315069373
0.00819434853393
0.214181830028
0.0100484044944
0.0105740685414
0.0233426005584
0.0320217772125
0.00637189873803
0.0162515766364
0.0324154395881
0.0108730095527
0.0105165361808
0.00525430553626
0.0087090089149
0.022678392858
0.0538173946985
0.0169538794898
0.0146690409559
0.00738515543157
0.00798702765899
0.0135219216361
0.0176499274801
0.00726478978411
0.0112635908301
0.00637189873803
0.0149185778155
0.0087090089149
0.0591275981342
0.00686803185368
0.0234980730303
0.0087090089149
0.0152776364324
0.00637189873803
0.00864627366471
0.03762961755
0.00982624654947
0.374172953562
0.00972026983499
0.0125831518445
0.00419913156412
0.00760074995151
0.0133162828302
0.0108730095527
0.0141663832761
0.0210882441651
0.0107038100021
0.0242286937031
0.164693805884
0.00445557198833
0.0134525007781
0.00599710152398
0.0141663832761
0.247310922144
0.0141663832761
0.00995150034046
0.0236659967948
0.00685579547257
0.0170929307605
0.0227340273329
0.00500939569609
0.262603072456
0.00601335652545
0.0135165447395
0.00637189873803
0.00819321887956
0.0334750210649
0.00738515543157
0.00779194956902
0.00848648281676
0.146896369287
0.00584450778307
0.233189617555
0.0577676089777
0.00445557198833
0.00927606504247
0.0138220045857
0.00791355757834
0.198890518108
0.0664042581838
0.182658655752
0.0246953390878
0.0141663832761
0.0134525007781
0.0798229657141
0.0196068322616
0.0116192992754
0.00797098380738
0.0114027124398
0.00689297970499
0.00474700692613
0.0087090089149
0.00645799584232
0.0129419167255
0.0085301961598
0.0242286937031
0.0087090089149
0.0137123373722
0.0352073105911
0.0137123373722
0.0141663832761
0.0321728535916
0.266576006091
0.0281229954317
0.0136196608369
0.00774665223838
0.0250605784268
0.0105093296745
0.00698887748289
0.364620029671
0.0087090089149
0.23986922201
0.00500939569609
0.0388390881702
0.154572582209
0.0769860803784
0.012544825284
0.0150206766465
0.0790223782751
0.0209707823983
0.00678782424792
0.0087090089149
0.0164179826942
0.00609411516119
0.0108730095527
0.00685385069888
0.0196270860101
0.0194706493521
0.00503984379575
0.00869122562198
0.0138591587256
0.0125719836987
0.00631206752973
0.0189046096984
0.00518370727421
0.00727165354312
0.120799824008
0.0193091502574
0.0112113704576
0.0134525007781
0.255510949775
0.00627387108633
0.0068388387864
0.0528498276995
0.0181554320069
0.0110825315803
0.0299607362886
0.00804244690743
0.0123686857115
0.00637189873803
0.033436551663
0.00927606504247
0.0114807272702
0.0076867351357
0.0100920131871
0.0176333987086
0.0181434379271
0.0242286937031
0.0134525007781
0.159266097556
0.162537123606
0.0362539835199
0.00689378104906
0.0215828515732
0.0100901378891
0.0370616143668
0.0530603734363
0.00637189873803
0.00657714379417
0.0266887559154
0.0178502073723
0.00814835686578
0.00637189873803
0.00601690133145
0.0472164066855
0.0537286871225
0.0120286593204
0.00726978643413
0.0108730095527
0.150371880552
0.00727165354312
0.0112113704576
0.0254100295813
0.0141663832761
0.0216476997481
0.0251037729808
0.0243350517319
0.0167301413249
0.0210231229457
0.00664470855113
0.00578823916882
0.0314411329168
0.0243350517319
0.02788478562
0.00916432742572
0.0123061979553
0.0134525007781
0.0229253671675
0.0191051208461
0.0101920340737
0.0108265858561
0.180317505662
0.012647722929
0.0454147203387
0.00614724434784
0.00947071175701
0.0058072540167
0.00637189873803
0.106603836454
0.0114125523441
0.00637189873803
0.206816042753
0.0047143611211
0.0041382283013
0.00685784883328
0.137981994568
0.00596996968489
0.00817661138461
0.0141663832761
0.0503114404825
0.0530603734363
0.00706744664982
0.0087090089149
0.00815700236452
0.0145270580516
0.0230195842831
0.00637189873803
0.00445557198833
0.0087090089149
0.00769284283901
0.0163197586226
0.0325225640142
0.0435145010315
0.00986526088315
0.00588315069373
0.0108730095527
0.00804244690743
0.0141663832761
0.0087090089149
0.00592430252888
0.0137123373722
0.0287219331477
0.0087090089149
0.0141663832761
0.0236659967948
0.0236659967948
0.0141663832761
0.0293757164431
0.00999467078916
0.0854017234578
0.00834581274476
0.0134525007781
0.179680184152
0.0230195842831
0.0637669641801
0.010189271556
0.01374233896
0.00588315069373
0.00748395958965
0.180317505662
0.254873023965
0.0217636059858
0.00907849612467
0.0351347277231
0.117231387929
0.0118689813405
0.00658054414497
0.0155437909793
0.00432298281323
0.0119393965485
0.0205955001174
0.0611053198163
0.0317538347675
0.00500939569609
0.0156799430797
0.0387405724868
0.00804028670876
0.0068388387864
0.0178502073723
0.0127017142648
0.00996867995812
0.00364691805869
0.00798702765899
0.0181378341501
0.0384051081962
0.0438962397775
0.00637189873803
0.018723175426
0.0150836422999
0.00760074995151
0.0351347277231
0.0289221598213
0.162537123606
0.143754401046
0.0193706612486
0.00637189873803
0.100076294934
0.16282897472
0.00707503517677
0.0585306921388
0.0317538347675
0.00588315069373
0.145728803407
0.0135342800385
0.00637189873803
0.0141663832761
0.0196068322616
0.0141663832761
0.046840530861
0.00809857967982
0.0186157337647
0.0142091501759
0.00887788289183
0.00695277105031
0.0996163895799
0.0289263465409
0.0120286593204
0.0110598456615
0.0612280627986
0.18837430224
0.00822184301162
0.0106227773999
0.0197851004641
0.0231521185677
0.0767452054562
0.0103838727657
0.0976765760981
0.0225677193802
0.0540542366649
0.194008333954
0.0130258128964
0.00563525076803
0.00966292518557
0.0268282124721
0.0316389958695
0.0223691848605
0.0146025068757
0.0141663832761
0.0216476997481
0.00787311669865
0.0087090089149
0.150371880552
0.0132660275973
0.00503984379575
0.0087090089149
0.00848266829573
0.164693805884
0.0319196569161
0.00627387108633
0.24189660423
0.017998099343
0.0099847838661
0.191635885245
0.0217732076936
0.00871853144679
0.00637189873803
0.00949986126583
0.0185206700046
0.0087090089149
0.0227864312355
0.222584674043
0.0244160912131
0.00637189873803
0.00588315069373
0.0091928038328
0.0644280095515
0.0065082146949
0.00637189873803
0.0112113704576
0.00857533659726
0.0188789876125
0.052755924703
0.0370616143668
0.00769284283901
0.094349670319
0.0130258128964
0.00822488196569
0.0220441208214
0.0227661322853
0.0134525007781
0.00934560422831
0.0316444254494
0.0107986444849
0.0178502073723
0.0124395408346
0.00829461797216
0.00579259828876
0.00448266900351
0.0791669841631
0.0293357733937
0.0105165361808
0.19607315489
0.00632459411797
0.0373575577523
0.0981344101322
0.0194518024599
0.00609411516119
0.00658502605386
0.00736100283533
0.00883402848485
0.0068388387864
0.0113617286125
0.0087090089149
0.00934560422831
0.00739727965293
0.00914701736936
0.0370616143668
0.0233257085745
0.0227864312355
0.0462573127891
0.0181244011843
0.0539469762067
0.0108730095527
0.244763966469
0.0238450347608
0.0141663832761
0.00501106745937
0.457754639528
0.155209320777
0.00804244690743
0.0122924831896
0.0219921305609
0.0222482083191
0.0200293190288
0.00465279081912
0.0451430530194
0.00628801739157
0.0387405724868
0.0178502073723
0.0316986425402
0.00772162237301
0.0236659967948
0.0103838727657
0.0126342107688
0.00637189873803
0.0215234109403
0.00637189873803
0.00532313535381
0.181716418115
0.15609605946
0.0087090089149
0.0142635805345
0.00782730089549
0.0178100816026
0.0215407455255
0.0110433746504
0.00503984379575
0.0088948757942
0.0113042267213
0.0779056160761
0.00632028707988
0.00786461371734
0.0317538347675
0.00760074995151
0.0609743393543
0.0586012711339
0.00637189873803
0.00465279081912
0.0087090089149
0.00680156885508
0.0103056438416
0.00702841918768
0.00546376157336
0.0253069043822
0.0105153498597
0.0208797774025
0.0153566188045
0.011061455961
0.0452614402581
0.00503984379575
0.0759537575436
0.00637189873803
0.00694854467843
0.00531534507753
0.0446838435348
0.00695135562248
0.0157843842425
0.0143409093854
0.00588315069373
0.901204049419
0.0123673961117
0.0196068322616
0.00584252318112
0.035595545524
0.0352234296086
0.00627387108633
0.0176909226546
0.0154288481395
0.00818694750669
0.0508921230733
0.0317538347675
0.0847815664832
0.0137123373722
0.0139714473871
0.00637189873803
0.0387405724868
0.108506842016
0.00627387108633
0.0219214899492
0.029763371677
0.0375207093202
0.00623833092033
0.12477661628
0.0123686857115
0.0148999119306
0.00500939569609
0.0428794587419
0.0102747102326
0.0216803060863
0.0295763474634
0.0130258128964
0.0317538347675
0.204981416462
0.0100315439059
0.00583843141321
0.0272282264428
0.00614838738422
0.0183959138552
0.180317505662
0.0279243512285
0.0890100668962
0.13998956678
0.00886845287671
0.00964399642969
0.0145676214098
0.0236659967948
0.00959168770999
0.0932860975317
0.0087090089149
0.0170526651869
0.244982748946
0.00717137673809
0.0359724563697
0.0103838727657
0.0317538347675
0.00763727517589
0.0300274685402
0.0824822837829
0.0229183866042
0.0127836646997
0.0323784788036
0.0432819547389
0.0272621672472
0.0136196608369
0.0197219066522
0.00588854261669
0.116985644864
0.00456069419163
0.00763727517589
0.0161446295651
0.0593350013421
0.00690773742672
0.211541215791
0.0136898947435
0.0087090089149
0.0178502073723
0.0582569527021
0.00870815368122
0.241133757806
0.00722395255162
0.0239870998161
0.211541215791
0.282224291379
0.00500939569609
0.00601690133145
0.0112113704576
0.0228919986663
0.0108286425024
0.0489438197745
0.0317538347675
0.0239357764143
0.019031803738
0.00637189873803
0.0212978169203
0.0286000161352
0.0146859891256
0.0132584273776
0.0228787120009
0.00676242345277
0.0781756770518
0.0054000172242
0.102753966003
0.0103129054346
0.0171884098466
0.00686803185368
0.00738515543157
0.00448266900351
0.0176267434688
0.00503984379575
0.00432298281323
0.0202928689629
0.00691927878641
0.00503984379575
0.0141663832761
0.0219290932645
0.00806753947953
0.00545144362709
0.0104662348599
0.0101061407074
0.0108730095527
0.0120286593204
0.0100069487999
0.0105165361808
0.00601335652545
0.00546969776695
0.0220368603881
0.00588315069373
0.0189089822021
0.00864627366471
0.245718874093
0.0401130593864
0.0141663832761
0.0148206288299
0.00666285339186
0.0608428937671
0.00994416260194
0.00713311092692
0.00864627366471
0.00588315069373
0.108778133511
0.012079736807
0.0148649795515
0.041101983845
0.0108730095527
0.0317419041619
0.0242286937031
0.0087090089149
0.234799808602
0.065975179578
0.00815700236452
0.0282705012429
0.0100855978042
0.0150833701422
0.02246353181
0.00597488580841
0.00512842034556
0.121921540337
0.0120286593204
0.0108957097269
0.0141663832761
0.100329430565
0.00637189873803
0.0234559880359
0.00926540685613
0.22352671004
0.0443195033061
0.00627387108633
0.0100661574027
0.0141663832761
0.00637189873803
0.0123686857115
0.0108730095527
0.0123686857115
0.00947588599617
0.00637189873803
0.00938539684619
0.0351876722615
0.0335027825961
0.00444642066379
0.0293379655547
0.0106055118048
0.0300057649008
0.0339691050875
0.0120071876908
0.0528498276995
0.00519707250902
0.00609411516119
0.0633190296313
0.0188847839855
0.00739255421482
0.00941806492962
0.0130258128964
0.188369347131
0.164693805884
0.0284912823779
0.64064417472
0.027518682965
0.00965719313419
0.00797098380738
0.129262419584
0.00419301809077
0.0167301413249
0.020181072432
0.00637189873803
0.0222038583592
0.290880851138
0.00579259828876
0.00599709458563
0.0299310364107
0.0232810589303
0.0108730095527
0.0644280095515
0.0108730095527
0.0112113704576
0.0268954938333
0.180317505662
0.00967362554156
0.0110397177818
0.0170408480686
0.00804244690743
0.0453258579886
0.0121307769447
0.014769186153
0.0355187884548
0.0134140400682
0.0291530053853
0.0341486043586
0.0996163895799
0.00817661138461
0.0351523650125
0.0135219216361
0.0355187884548
0.182658655752
0.157511072392
0.124957050496
0.0476549615148
0.0252100868333
0.0339929579686
0.0428713114836
0.00637189873803
0.00588315069373
0.0604026973014
0.00601335652545
0.0130358188156
0.0130258128964
0.00859751395178
0.00627387108633
0.0781756770518
0.0286000161352
0.0519309491037
0.00894003159952
0.150371880552
0.00864627366471
0.0367185304721
0.0317538347675
0.0283304377464
0.00641585137028
0.23986922201
0.060253027903
0.0103874184019
0.00442499068814
0.0162382426342
0.00857533659726
0.0112113704576
0.00962895014959
0.0130258128964
0.0315303764935
0.00637189873803
0.064790056554
0.0489438197745
0.188369347131
0.0266034777198
0.065975179578
0.00738515543157
0.00590480562597
0.0112113704576
0.0387405724868
0.179757588133
0.0317538347675
0.00738515543157
0.0110398395755
0.00550092331618
0.0324541852496
0.0180613846929
0.0212049154308
0.011188281639
0.0123686857115
0.0914494391522
0.0105165361808
0.0130258128964
0.0215707961791
0.290880851138
0.0196270860101
0.0387405724868
0.0185317875676
0.00637189873803
0.0223872638792
0.00637189873803
0.00571355574706
0.266576006091
0.00864627366471
0.0222012301369
0.00819428185822
0.0108730095527
0.0595654041351
0.00623391783267
0.108778133511
0.0815346703473
0.06854249137
0.00738515543157
0.0112113704576
0.00727165354312
0.0806238024161
0.0141663832761
0.00848326444349
0.00797419899753
0.00911328420217
0.0238791067147
0.047303164869
0.0302789687525
0.0216476997481
0.033770255901
0.00795945038884
0.0309743094382
0.119835290082
0.00882640453826
0.0208773372391
0.0300821274762
0.00627387108633
0.0325307299257
0.0407744327917
0.0151413676358
0.0151160580749
0.00490723834042
0.0203778265798
0.191635885245
0.028717212223
0.00503984379575
0.00862620877683
0.0136196608369
0.0122056725024
0.0189828469338
0.0454691333099
0.00432296317087
0.00500939569609
0.0274441684607
0.164154928968
0.0317538347675
0.00627387108633
0.0107913006792
0.00819787628461
0.0266368517538
0.0244259357819
0.0236659967948
0.0124395408346
0.0317747449705
0.0830998463154
0.0103838727657
0.00524058599208
0.00601335652545
0.00738515543157
0.0346647323993
0.00445557198833
0.0147684469466
0.0112113704576
0.0148999119306
0.00614071894309
0.264256174782
0.00609411516119
0.00535590083349
0.0068388387864
0.0128158266368
0.0118924155792
0.0137123373722
0.0639289319588
0.108778133511
0.0303973312967
0.00760074995151
0.00531534507753
0.00910472062071
0.0272659819336
0.15165454122
0.138947527902
0.0358054770473
0.0213424538129
0.00627387108633
0.246946219532
0.00865232449129
0.00819321887956
0.00686803185368
0.00692709710061
0.0130258128964
0.0236659967948
0.00637189873803
0.00637189873803
0.0206477425287
0.0321728535916
0.042855116175
0.0237985886067
0.0236194426647
0.0068668745538
0.00962852765671
0.017952783663
0.202806506171
0.0317538347675
0.13840849431
0.00892498797174
0.0268772819574
0.00844930024209
0.0428324494411
0.00665902260712
0.254873023965
0.0788473837109
0.0249036854433
0.00588315069373
0.00819428185822
0.013532466005
0.0317538347675
0.0816266080858
0.0336828994567
0.0137123373722
0.175623788386
0.0151698987861
0.129499340144
0.00637189873803
0.00476254383048
0.0167301413249
0.0185060787855
0.00588315069373
0.00432298281323
0.0115205346998
0.0419718606193
0.231799934004
0.27320345401
0.00637189873803
0.0873759938773
0.0422870860851
0.0106578392119
0.0135737107875
0.0229183866042
0.19607315489
0.10149211928
0.0530603734363
0.00750307755507
0.0079844745545
0.0401130593864
0.0174783187619
0.0155423245527
0.00432298281323
0.151424515428
0.0569157293483
0.0355187884548
0.0243883099639
0.0087090089149
0.00964891819934
0.148992810051
0.0133548831893
0.00626432349291
0.0996163895799
0.0221452270889
0.0214149349265
0.0141663832761
0.0167579036012
0.219123005207
0.00909011327048
0.00503984379575
0.0068388387864
0.00563757712953
0.0530603734363
0.0314568577866
0.0351523650125
0.214181830028
0.0645833074284
0.0141663832761
0.0176363352033
0.239688345971
0.00965073545442
0.0542184104737
0.035463462783
0.148127777752
0.00764436409304
0.0690991622267
0.0139757999484
0.0112113704576
0.0244727813971
0.00445557198833
0.0141663832761
0.0088280188764
0.0108267712953
0.00671484249231
0.0880163214042
0.254550554162
0.00838914702377
0.00843777074966
0.0250367361323
0.01374233896
0.094349670319
0.0141663832761
0.0144705833407
0.00626789284214
0.00465279081912
0.00637189873803
0.0319770955329
0.0468781224115
0.00503984379575
0.0994326082818
0.00872075969177
0.0236659967948
0.0134525007781
0.00500939569609
0.00882210585338
0.143754401046
0.0176267434688
0.0293757570292
0.0141663832761
0.0129419167255
0.0141663832761
0.0236852487811
0.0145911590513
0.00792575581066
0.284509864695
0.0112113704576
0.00592430252888
0.0150818491541
0.00503984379575
0.0087090089149
0.0105165361808
0.0317538347675
0.0108730095527
0.0113530323479
0.00727165354312
0.0134525007781
0.028896242613
0.0283911547435
0.160527885454
0.0421003682921
0.0108730095527
0.00637189873803
0.169049719567
0.0246983980184
0.00637189873803
0.029405325246
0.00780991109645
0.0894009102435
0.0682056927427
0.0286000161352
0.00931742790011
0.00753082208772
0.00966573312413
0.00985138869851
0.020309777092
0.0103932297834
0.0236659967948
0.246956999941
0.00503984379575
0.0120559473652
0.0544043680313
0.0141663832761
0.00702157131314
0.0168306253715
0.00702326195323
0.0236659967948
0.0145190999292
0.0887735089382
0.0136410488204
0.0886764760828
0.0196068322616
0.0508921230733
0.00573852861156
0.00645799584232
0.00493275175831
0.00978398727589
0.00584252318112
0.0137278373123
0.020902998229
0.255510949775
0.0195683254776
0.0104662348599
0.0213389016488
0.0252686113835
0.0452010848955
0.00500939569609
0.00707503517677
0.0141663832761
0.192911790667
0.162537123606
0.00727716446399
0.00717358940901
0.191376877113
0.0194671363026
0.0676473998999
0.0110060930023
0.0687563776397
0.00814393297835
0.00937416951421
0.00637189873803
0.0087090089149
0.0081942133777
0.0340991088779
0.0196270860101
0.00458842757164
0.00955608119622
0.0112650201239
0.0141663832761
0.0379319614268
0.0415465952019
0.065975179578
0.0229183866042
0.0126267962015
0.00831121608911
0.00769284283901
0.0141663832761
0.249899582427
0.00637189873803
0.036653673594
0.035384651968
0.0233598403991
0.0121386013233
0.257652319178
0.0130258128964
0.0178502073723
0.0146939511681
0.0693176048348
0.0360510667131
0.0361428629571
0.0317538347675
0.019341808832
0.00448266900351
0.0207200281967
0.0259896706809
0.0102959618334
0.00932737326522
0.0236659967948
0.041101983845
0.0593669039467
0.00599710152398
0.0238365081773
0.0200250384473
0.0108730095527
0.0314638467227
0.0087090089149
0.00627387108633
0.00822711015126
0.0130044436264
0.0347693480591
0.0125426330675
0.0087090089149
0.0187032589332
0.0104662348599
0.0134525007781
0.00625961974936
0.0172786520235
0.00641585137028
0.0705212563586
0.0120286593204
0.0344104153231
0.0113621107665
0.0144307258317
0.00432298281323
0.00637189873803
0.0164179826942
0.108778133511
0.0882298388686
0.0078240582387
0.00556924360607
0.0256266720128
0.102782487983
0.00601690133145
0.0254958357646
0.0152400161904
0.0108730095527
0.00738515543157
0.0939157903339
0.00637189873803
0.00769284283901
0.232869103603
0.0087090089149
0.0172226664628
0.0265205305948
0.00579259828876
0.0219509032154
0.00711801909577
0.0317538347675
0.0111308118772
0.00738515543157
0.180317505662
0.0139841788952
0.00849968762763
0.0675355497286
0.0120286593204
0.00592430252888
0.0108730095527
0.0240056453729
0.0233414628355
0.0150833701422
0.00691439004248
0.00893187787967
0.0236659967948
0.00627387108633
0.0229015922276
0.00588315069373
0.00627387108633
0.00623007196905
0.0306044598366
0.038267078866
0.00637189873803
0.0068388387864
0.0242286937031
0.0167120846153
0.00760074995151
0.0367103584106
0.00912846612052
0.0273024845939
0.00713382239839
0.0151407808591
0.0315303764935
0.00448266900351
0.0141663832761
0.00614071894309
0.00819787628461
0.010232245765
0.00819057319008
0.198890518108
0.0317115486762
0.00528324138141
0.0141663832761
0.0932787232795
0.00946300540515
0.243242089798
0.00744819821799
0.00727165354312
0.0932019942345
0.206449268613
0.0192490250182
0.223758002467
0.00913050171331
0.0357832132843
0.0234476085582
0.0236659967948
0.0170929307605
0.0199070294954
0.00541426547985
0.0142923918868
0.177851066045
0.294872937548
0.180317505662
0.0119422990908
0.0108730095527
0.00647394612956
0.0551158364039
0.021802876133
0.0659924362263
0.0248822229981
0.00770332256699
0.0148916069205
0.236019571327
0.079913046035
0.00686557231508
0.0747217686324
0.0065314869396
0.0317538347675
0.013375046567
0.0140810321448
0.0145303587063
0.00646014026526
0.0203772902693
0.0141663832761
0.00760074995151
0.188369347131
0.0240806621254
0.0105393421243
0.0105297168343
0.0317538347675
0.0130676215207
0.00951736328238
0.0165744828865
0.252524537262
0.0100901378891
0.00736100283533
0.00518827180445
0.202833963644
0.0569157293483
0.00572337334425
0.00531534507753
0.0293757570292
0.0270227906436
0.0242286937031
0.0801520310681
0.0126059696048
0.0277503058444
0.0178502073723
0.0158769511937
0.0134525007781
0.0116513982478
0.041101983845
0.086034247081
0.0274949442293
0.0121830730165
0.0113320979357
0.0178111819981
0.00614532657332
0.0125680621495
0.106808063016
0.019450117593
0.00637189873803
0.041101983845
0.0381636994741
0.0237792938201
0.0229183866042
0.0202650300577
0.0161934435866
0.0264992375165
0.00843787734195
0.0196068322616
0.0150931378776
0.162537123606
0.0087090089149
0.00810654871588
0.026737141449
0.0289293682963
0.00637189873803
0.00997813590733
0.0769002219288
0.0428324494411
0.00792730927715
0.0514038441238
0.00588315069373
0.0163256363798
0.00767280464021
0.0137123373722
0.0267346723668
0.0733479338842
0.0102808145418
0.0141663832761
0.227159445957
0.767254143312
0.0176267434688
0.0791669841631
0.0189268154195
0.00637189873803
0.0129820774388
0.074217993337
0.0244395446763
0.0236245166537
0.0105904248089
0.0216919502672
0.0492234209633
0.0105671160609
0.0141663832761
0.0238620381471
0.0933768404239
0.0146824104992
0.0375822201334
0.0241139229466
0.0141663832761
0.0112113704576
0.169049719567
0.0233176290806
0.0156811888515
0.00627387108633
0.0264349825637
0.0201370418541
0.00470413781341
0.00815700236452
0.0124236597015
0.0101966050593
0.0176267434688
0.0286750915624
0.00503984379575
0.0439385446284
0.0210231229457
0.223758002467
0.00918067406021
0.0533834146307
0.231799934004
0.0462941043416
0.244982748946
0.00627387108633
0.00628975145836
0.0128099011012
0.00769284283901
0.253257666629
0.00835603712615
0.0342742459659
0.112655000282
0.014297887264
0.0133246680937
0.131420236029
0.00637189873803
0.00728502032706
0.00576352097743
0.00729124353101
0.0190370786202
0.0367797196937
0.00601690133145
0.0229183866042
0.0658657774888
0.0364183448511
0.0727120899882
0.0394020658144
0.00500939569609
0.00663630189309
0.0108730095527
0.152244462008
0.00797098380738
0.00627387108633
0.0286000161352
0.00601690133145
0.140361009435
0.00637189873803
0.00465279081912
0.15609605946
0.108778133511
0.0112113704576
0.0103091981239
0.0236659967948
0.151255263366
0.0293757570292
0.182658655752
0.164693805884
0.0141663832761
0.065975179578
0.00830650182393
0.180317505662
0.00706744664982
0.0150836422999
0.0317538347675
0.00700133690233
0.00804244690743
0.0130258128964
0.00804244690743
0.0130585609175
0.0137123373722
0.0087090089149
0.0178905693028
0.0181635424095
0.00706973543015
0.00582547204157
0.0218911154001
0.0105960941704
0.114060089313
0.010354101131
0.0184982666048
0.0132734036051
0.00798729654376
0.0817168733644
0.0112113704576
0.0134525007781
0.00503984379575
0.0166246227473
0.0378189204459
0.00503984379575
0.00680700819776
0.021111577627
0.0317538347675
0.109609812778
0.182658655752
0.119135957334
0.0242286937031
0.00949921085748
0.0182641278601
0.0306870974368
0.00716253291189
0.0297567780488
0.231799934004
0.00614532657332
0.0239870998161
0.025367912468
0.171719754583
0.00637189873803
0.00528352271529
0.0134525007781
0.0196068322616
0.0241845365894
0.182658655752
0.0317538347675
0.00671724418451
0.0101205065646
0.0124887293136
0.0286000161352
0.252820750251
0.0193780687987
0.224404523319
0.021275562623
0.0709323354037
0.0139757999484
0.0130258128964
0.0237866306086
0.00763265045979
0.0292794383386
0.00637189873803
0.0711636318755
0.00804244690743
0.0307394341494
0.0141663832761
0.0100608547107
0.0525657529232
0.0528618454958
0.219502679856
0.0113315650892
0.0254741721433
0.00799881722869
0.196391312182
0.00697410270823
0.0165072971523
0.162537123606
0.0803696019081
0.150371880552
0.0236659967948
0.0076313177557
0.124320596797
0.00695277105031
0.0220005933645
0.0632730254904
0.0385357484133
0.0112113704576
0.182658655752
0.0087090089149
0.0108730095527
0.0200326383358
0.0068607803476
0.0248432055446
0.00898105429558
0.181649095846
0.00738515543157
0.0577676089777
0.00597488580841
0.00601690133145
0.0231683095098
0.0193659184331
0.1306250623
0.098333035647
0.227154569717
0.0842177281636
0.0306780407799
0.0352352159491
0.00645799584232
0.0113632810829
0.00637189873803
0.00717778415709
0.0103184680316
0.0134525007781
0.00736100283533
0.0227610906477
0.0508867357024
0.0370616143668
0.0123686857115
0.00708331611349
0.180317505662
0.0205663367608
0.0130258128964
0.0118063461554
0.0550194166446
0.00765334235022
0.0239870998161
0.00522678034759
0.108778133511
0.0169538794898
0.0139731283469
0.0796403861576
0.0418651302837
0.0594332527367
0.0124250758241
0.00588315069373
0.464292620238
0.01374233896
0.0117871229696
0.143754401046
0.00667612069093
0.106909455821
0.0209805758184
0.0376420660017
0.00802527396111
0.0160815588093
0.039112670114
0.0102642935912
0.0417341187415
0.00663799017942
0.179680184152
0.00747975481874
0.00750318089516
0.0186388576071
0.0283916653117
0.0374229808408
0.00486040626379
0.0134026250735
0.0110229979614
0.0108730095527
0.040176931815
0.13840849431
0.150371880552
0.0415103251632
0.0102027142741
0.0324886746358
0.0108730095527
0.00528704635241
0.164225995209
0.0269028593476
0.00586090776679
0.0332308603727
0.00844109751396
0.0178502073723
0.0227864312355
0.0112113704576
0.00541178183949
0.108778133511
0.0242286937031
0.00637189873803
0.227159445957
0.0302815008751
0.00864627366471
0.00806415944055
0.00760074995151
0.0225842372045
0.012802830035
0.00584252318112
0.0272504192856
0.0121484649494
0.00778136773719
0.0553800011363
0.00637189873803
0.00627387108633
0.0317538347675
0.0216476997481
0.0077873202542
0.0508694948652
0.0333134769305
0.0325634310346
0.0188994686638
0.00804244690743
0.0505230628215
0.0213788906302
0.0189255899099
0.0109187696848
0.022705970792
0.0267781762685
0.0252096823038
0.00445557198833
0.00843676305396
0.120799824008
0.0545039409854
0.0181214304572
0.00990642146342
0.0351876722615
0.0176425787341
0.00782091636903
0.254873023965
0.00872818943573
0.00445557198833
0.0178502073723
0.021474949903
0.0133548831893
0.0076330075574
0.0196068322616
0.110671000019
0.033436551663
0.0178502073723
0.00804244690743
0.00774282642672
0.0141663832761
0.00748395958965
0.041101983845
0.00900688790122
0.0141663832761
0.022760424612
0.0144561824634
0.00570711183248
0.180317505662
0.0132640244717
0.00554201799482
0.0391147732834
0.00843048553427
0.0619796533391
0.0141663832761
0.00717627977757
0.0317538347675
0.0341583332462
0.00546969776695
0.00597706230304
0.0133548831893
0.0256585344189
0.0670684890449
0.196569110801
0.00627387108633
0.0148447510921
0.0108730095527
0.00746363883261
0.00810510388187
0.0141663832761
0.0258484140119
0.00637189873803
0.00503984379575
0.0208900528436
0.0141663832761
0.0193091502574
0.0342742459659
0.0233176290806
0.0074905903315
0.0887311990183
0.014806719919
0.0212003405364
0.00662945508472
0.00503984379575
0.0215828515732
0.124522056093
0.00888688571987
0.205648268459
0.193527377887
0.0141663832761
0.0187016314251
0.282224291379
0.00927606504247
0.0540397189268
0.0178502073723
0.00966979484167
0.0125238769407
0.0325762425701
0.125168824414
0.00597706230304
0.185038537311
0.0123150860895
0.0226970704812
0.0387405724868
0.0196068322616
0.0750040208047
0.138947527902
0.0194671363026
0.00637189873803
0.16282897472
0.0254741721433
0.0424774157219
0.0103838727657
0.263589556787
0.00864627366471
0.0171935088199
0.0217191163777
0.0461144123656
0.0181429363384
0.00588854261669
0.0737583015674
0.0176267434688
0.0362973055039
0.00500939569609
0.010189271556
0.0337281296701
0.0822779860604
0.138610694109
0.0300274685402
0.00505196129054
0.00871274906964
0.0178502073723
0.0127446240364
0.0376752325596
0.0567709912077
0.0256022645741
0.00934560422831
0.0868966518601
0.00503984379575
0.106796521226
0.00658502605386
0.0533571007525
0.00769284283901
0.0106747347852
0.00938539684619
0.00858317212158
0.0581485005597
0.27536020817
0.00503984379575
0.0153847843787
0.0459278643325
0.0602522807707
0.00704097189633
0.00782564036371
0.0479716900512
0.0230195842831
0.0255397314249
0.0105165361808
0.00782599920066
0.0544893458946
0.0690923377891
0.0230195842831
0.0250037778464
0.0157623258989
0.144638877157
0.0508867357024
0.0193220179451
0.00601690133145
0.0165233390915
0.00627387108633
0.00515867954157
0.0103180641244
0.0617667593904
0.0328845268633
0.0120893163129
0.0281229954317
0.0367981512596
0.0803814039554
0.00668344088396
0.0061814497117
0.00738515543157
0.0141663832761
0.0196068322616
0.0467785927706
0.00886497006806
0.0129639240725
0.0234980730303
0.0132973877253
0.00637189873803
0.0136599419234
0.0388847757848
0.0112062336711
0.00490945757834
0.00579259828876
0.058773339922
0.0134525007781
0.00760074995151
0.0152600951168
0.0301785768861
0.244763966469
0.0128603451072
0.00571740120515
0.0141663832761
0.0112113704576
0.0544346971009
0.0134864543947
0.00720132366994
0.00635038299209
0.0428537792867
0.0327792199124
0.0226521620974
0.224404523319
0.180317505662
0.00736100283533
0.0208685235459
0.227159445957
0.0068388387864
0.016126864174
0.0317538347675
0.0138351590017
0.00588315069373
0.392281257694
0.0105591550173
0.0191672789502
0.196569110801
0.0136196608369
0.0242286937031
0.0125416692223
0.00952997316771
0.246956999941
0.0087090089149
0.00834290478349
0.00637189873803
0.0891959232361
0.0291410722095
0.0236394769226
0.0242286937031
0.0601556712838
0.0061814497117
0.198294331789
0.102688210313
0.00896844705228
0.00606179079727
0.269668642772
0.0438378813044
0.21863220546
0.065975179578
0.00990325186793
0.143754401046
0.0171700338167
0.0200745685518
0.041101983845
0.00934560422831
0.0065314869396
0.0774570708828
0.00471340882109
0.0246953390878
0.0251618256079
0.0606622762224
0.018126030404
0.0120286593204
0.00698635386763
0.0190010513917
0.162537123606
0.119135957334
0.0239022478688
0.0861279722242
0.0416594622316
0.0112277456574
0.023112435774
0.182658655752
0.236019571327
0.0392898355209
0.0108730095527
0.0141663832761
0.00637189873803
0.0351347277231
0.0087090089149
0.208166990246
0.0093178350416
0.00637189873803
0.0117270255553
0.0441499799663
0.00686803185368
0.015693829584
0.0168173633319
0.269125035262
0.0230195842831
0.0085811924451
0.0127338667176
0.0124383018569
0.152931416241
0.0103838727657
0.0564289033189
0.0125489519697
0.00503984379575
0.0826496228585
0.0137123373722
0.0087090089149
0.0315303764935
0.0240048808947
0.0196068322616
0.0170929307605
0.0513123881833
0.524640780864
0.00967578917983
0.157193959822
0.00636944194272
0.0202849213438
0.0269147239883
0.139277537971
0.0242286937031
0.0168306253715
0.173066415584
0.00637189873803
0.114060089313
0.0220152050321
0.00737105939618
0.0152600951168
0.0112113704576
0.0137123373722
0.150371880552
0.0085301961598
0.17736892505
0.0130258128964
0.0130258128964
0.00515061513037
0.00637189873803
0.00760074995151
0.00627387108633
0.00923094338172
0.0148615277784
0.0647656296614
0.13242526457
0.00894577286936
0.0576681180086
0.0290308066075
0.0244215492336
0.236019571327
0.00760074995151
0.880702081474
0.00727209886702
0.00727165354312
0.0111254797939
0.0167098344377
0.12441957074
0.00592430252888
0.00800946448785
0.0121886803584
0.0317538347675
0.0236659967948
0.198882320693
0.0466073860531
0.0927626985626
0.233828563152
0.00568006187367
0.00748395958965
0.0112113704576
0.0112113704576
0.0220722621669
0.0130706858852
0.0134482028093
0.0236659967948
0.0061814497117
0.0136508817646
0.0348249507358
0.0103552857384
0.00697513242036
0.257552671025
0.0482781157059
0.0295830735156
0.0286000161352
0.0424774157219
0.196569110801
0.0216476997481
0.249899582427
0.0068388387864
0.0087090089149
0.0061814497117
0.27536020817
0.0141663832761
0.245738255546
0.0142307630193
0.00627387108633
0.107846155557
0.0108730095527
0.00626789284214
0.108778133511
0.181716418115
0.0198588421666
0.0191103759486
0.0103647336512
0.0131508485568
0.018043552302
0.00605760425097
0.0052741945362
0.0428352519916
0.143754401046
0.0130258128964
0.0108033476263
0.0134525007781
0.00735353433102
0.0272232419684
0.0347692555233
0.0148712523088
0.00637189873803
0.00760074995151
0.0112113704576
0.00769284283901
0.020445071183
0.00627387108633
0.0105841746352
0.0296192519314
0.00897932434105
0.0130258128964
0.00738515543157
0.00448266900351
0.0115973364605
0.143484742798
0.0291410722095
0.0110756410805
0.00965769367666
0.0105093296745
0.0178502073723
0.0242286937031
0.00549852127255
0.151424515428
0.150187538433
0.0187714415559
0.0098974794217
0.0558697946764
0.0141663832761
0.0315031505941
0.00503984379575
0.00637189873803
0.00736100283533
0.033770255901
0.00624784883004
0.0061814497117
0.018009024678
0.0165271244835
0.0173234847461
0.0361873282195
0.011525300431
0.00950713534188
0.00766956900932
0.0083724648713
0.00434925723527
0.00557008020597
0.0148202325661
0.0459470463491
0.00839375237795
0.061433482541
0.0196068322616
0.0193091502574
0.0057513411177
0.00555995005204
0.00635691025758
0.00810593369009
0.020299159527
0.290880851138
0.00865232449129
0.0655339959203
0.0169726767285
0.0115224497234
0.180317505662
0.00729267042737
0.150974015696
0.091903931674
0.0863764324588
0.0112113704576
0.00760074995151
0.00545101503747
0.0141663832761
0.00946590514707
0.00659517696377
0.174581460019
0.022039475534
0.0134525007781
0.0107690945671
0.246956999941
0.0219337142622
0.00434392092612
0.0147224063119
0.00534725752448
0.0102247585551
0.065975179578
0.0081947212586
0.00528957334125
0.0107836707353
0.00637189873803
0.0209126940394
0.00637189873803
0.0116113213659
0.0165908702259
0.0370616143668
0.0175489203791
0.0155865284962
0.0234980730303
0.047420140032
0.0699527773559
0.0933768404239
0.00720278963259
0.148158754839
0.00707503517677
0.00804244690743
0.0271478241378
0.0223691848605
0.0159846778757
0.00976650108291
0.0202383187494
0.0629238356857
0.0201533472867
0.0125500444172
0.014539360271
0.0186419167058
0.0250174858637
0.0044612129663
0.0270227906436
0.0061814497117
0.0354933457256
0.0228809326298
0.0235644290134
0.0178622970416
0.00525762447886
0.16376364391
0.242809584427
0.0437126681394
0.0182466161397
0.186866166447
0.0205837903259
0.00627387108633
0.0234061413507
0.193168865994
0.0166059902755
0.0289702483835
0.00738515543157
0.0599499522448
0.0137123373722
0.150371880552
0.249899582427
0.0105093296745
0.0130258128964
0.00579259828876
0.00678782424792
0.0130258128964
0.0101202293195
0.0689057481526
0.237220454124
0.00632028707988
0.0102825516906
0.12123665584
0.0056625529378
0.00857533659726
0.0226207396728
0.00760074995151
0.0105165361808
0.0071522459338
0.0170929307605
0.0762810107697
0.00830692839831
0.0247376558109
0.0435580874735
0.0176167739972
0.0068388387864
0.0363675611217
0.0217417955963
0.0142394045738
0.00719765501157
0.00583118729846
0.047591647042
0.0111308118772
0.0324025504488
0.0639289319588
0.0105165361808
0.00798838430296
0.00707503517677
0.0340171140279
0.00815700236452
0.0229183866042
0.00794556259975
0.0607658306351
0.178086342455
0.00795025605219
0.0229649273685
0.0922446351178
0.103552442419
0.01374233896
0.00833461185611
0.0247342372658
0.00765889856042
0.322134626823
0.0066795507884
0.0108730095527
0.00736281714008
0.00588315069373
0.00999570240998
0.233047041776
0.0773123145605
0.0134525007781
0.00637189873803
0.0112113704576
0.0245903309607
0.185739587876
0.00934560422831
0.00588854261669
0.0387405724868
0.186355133759
0.00637189873803
0.0234391221273
0.108778133511
0.00944467518102
0.00627387108633
0.0115069177401
0.156903710986
0.0141663832761
0.0166395742417
0.0221400046746
0.0087090089149
0.0247878227635
0.00692709710061
0.180484062335
0.00942705822124
0.0576963669147
0.00500939569609
0.0068388387864
0.054535623504
0.0236659967948
0.282224291379
0.00941326941191
0.0217224427484
0.224394434033
0.0773360703774
0.00987384590649
0.00627387108633
0.00762666377638
0.290880851138
0.0103207608835
0.0304483034821
0.0528498276995
0.00637189873803
0.0284749353922
0.0138838631963
0.0900260071527
0.00543666690475
0.254550554162
0.0121638739715
0.00847182494004
0.00876750773439
0.0103001014364
0.170459736512
0.00752016762634
0.00637189873803
0.0125814428053
0.109652099373
0.0101850557815
0.0657970679365
0.00729058320351
0.0299972194683
0.0101955346972
0.0315303764935
0.018363257384
0.254550554162
0.0108265858561
0.00601690133145
0.12237257356
0.0152600951168
0.00731139891876
0.257391590917
0.0141663832761
0.00707306082244
0.0736979914396
0.00864627366471
0.0196068322616
0.00804244690743
0.00637189873803
0.0270041347028
0.010607787688
0.0141663832761
0.139483263462
0.0287899688647
0.0240252237911
0.0414485764925
0.0780967641283
0.0133434261956
0.0141663832761
0.0100175542313
0.182658655752
0.00627387108633
0.0317538347675
0.0142923918868
0.00678782424792
0.208763055448
0.00564759518419
0.164693805884
0.0108556520651
0.0877602353341
0.0238432873264
0.00932737326522
0.00760074995151
0.0196270860101
0.0244120965478
0.00707371284882
0.00619287356993
0.108778133511
0.0141663832761
0.0108730095527
0.00973864155367
0.00864627366471
0.0199445572048
0.0389273783846
0.00445557198833
0.150371880552
0.0196068322616
0.0103088161594
0.0143261663344
0.00500939569609
0.0221383529854
0.00592302235338
0.019399024486
0.0111308118772
0.0141663832761
0.0141663832761
0.0249951336193
0.0387405724868
0.00738515543157
0.00784996716849
0.0455969514232
0.0258139010257
0.194863533613
0.0152600951168
0.0315303764935
0.0302610661383
0.00551471031124
0.00705404508774
0.0145303587063
0.0274193955551
0.0225046641999
0.0124963621376
0.00673367623804
0.00815700236452
0.0323056029094
0.0163073377597
0.00476735908728
0.0220154499864
0.0087090089149
0.00503984379575
0.0287638336418
0.0261545068861
0.0229183866042
0.011621970899
0.0308704481452
0.0129627499616
0.0150833701422
0.410314249415
0.0606262655253
0.143754401046
0.0277697132435
0.0293757570292
0.0177258695633
0.0105527059593
0.011577437879
0.247689013038
0.0192736576826
0.00668478381339
0.00637189873803
0.0349058527732
0.020898339223
0.0103838727657
0.13244886202
0.0687572573805
0.0105134866328
0.0464623076214
0.00627387108633
0.014912460506
0.00980756260276
0.0170838650289
0.0363412564803
0.00637189873803
0.024911676242
0.00803443064885
0.00727165354312
0.00769284283901
0.19607315489
0.085183945798
0.19607315489
0.0145190999292
0.0068668745538
0.0211504813415
0.0124401940239
0.0178502073723
0.0233176290806
0.009738218519
0.00637189873803
0.0347692555233
0.0399863684615
0.00691439174464
0.196391312182
0.00503984379575
0.182658655752
0.00883256530528
0.00503984379575
0.011547926736
0.221939162516
0.00609411516119
0.180317505662
0.0173507339666
0.236019571327
0.0137123373722
0.0141663832761
0.0287333139341
0.00588854261669
0.00899885420059
0.00482187443661
0.0498202523271
0.0120904629427
0.00676242345277
0.0239717378673
0.00991788125251
0.233189617555
0.0109071463544
0.00637189873803
0.223658255613
0.0086362431885
0.00794029008783
0.00601690133145
0.00500939569609
0.0317538347675
0.0370616143668
0.00637189873803
0.0191718312762
0.0479716900512
0.168076176596
0.0141663832761
0.0199165880239
0.0221613679704
0.00637189873803
0.0196614968569
0.0288804802232
0.0103348920419
0.00846953559478
0.0118519468202
0.143754401046
0.00700133690233
0.00615891322818
0.0125972413665
0.00621673349409
0.164311385123
0.00580049636836
0.00459361629516
0.00543908805931
0.0199544762624
0.0087090089149
0.0573094420739
0.0322415371031
0.0272922589511
0.0132640244717
0.0108730095527
0.00637189873803
0.0530603734363
0.0141663832761
0.00637189873803
0.0150836422999
0.0196068322616
0.0310286483065
0.191635885245
0.0070020487216
0.012044952604
0.0087090089149
0.0142788725554
0.00927606504247
0.0233855009453
0.00754441454118
0.0141663832761
0.00637189873803
0.0317538347675
0.00717618276338
0.0105165361808
0.0061814497117
0.0482426992532
0.0198097736127
0.0141663832761
0.00817661138461
0.0307557598028
0.00661962095624
0.0112113704576
0.00678782424792
0.00632059937098
0.0105165361808
0.00579259828876
0.269668642772
0.00769284283901
0.00920399916066
0.102688210313
0.0136239953553
0.00605235591409
0.0178648036171
0.00871860068693
0.0065314869396
0.00713836885903
0.0297041017462
0.00773133105129
0.171719754583
0.00637189873803
0.0134525007781
0.0500364307735
0.21863220546
0.0141663832761
0.0956389492795
0.0177440611272
0.0178502073723
0.188369347131
0.0292568894483
0.0505139278658
0.0068388387864
0.00907849612467
0.0324541852496
0.0170526651869
0.137392179864
0.0185282269307
0.0121791319162
0.0170720722975
0.0388091448557
0.0414575065012
0.00726478978411
0.0123686857115
0.0595367854038
0.0134525007781
0.0252883781357
0.00462154894357
0.0898872850247
0.00737618759498
0.0103838727657
0.00445557198833
0.254873023965
0.0210231229457
0.00950177309247
0.0186309120865
0.00500939569609
0.0075973025743
0.0235697291888
0.0212827516209
0.0160189163369
0.00637189873803
0.0707916304722
0.0176623837954
0.0141663832761
0.0107264211176
0.00515110384901
0.0176267434688
0.00830692839831
0.0181325176162
0.0239870998161
0.00637189873803
0.18981767068
0.198882320693
0.00934560422831
0.0246559142691
0.0230195842831
0.0194671363026
0.0838925379064
0.148535584511
0.0167301413249
0.256258951656
0.0510904078327
0.00503984379575
0.0130258128964
0.194863533613
0.00757275498591
0.021681322339
0.0891893001293
0.0239852744914
0.0100363997335
0.0368091134879
0.00637189873803
0.00916838038391
0.140284402528
0.00839375237795
0.247689013038
0.0215828515732
0.0120213215337
0.102688210313
0.188369347131
0.0145303587063
0.0176333629847
0.0566605338383
0.0125639180134
0.00503984379575
0.0108730095527
0.00637189873803
0.0293757570292
0.0120286593204
0.0347692555233
0.00503984379575
0.0868696279067
0.00597706230304
0.065975179578
0.0073666178079
0.00863731516824
0.0424774157219
0.0119760685811
0.243045400726
0.0100901378891
0.0340171140279
0.00816560539173
0.00882151594493
0.0317538347675
0.0134525007781
0.119135957334
0.0134525007781
0.0317538347675
0.198890518108
0.00503984379575
0.00515867954157
0.00998292448291
0.00742006393005
0.0492395421451
0.0774804903769
0.0360370669654
0.0215828515732
0.0283228864291
0.113761069109
0.0955238695272
0.0489438197745
0.0113130196727
0.0294020431843
0.022996065724
0.196265476818
0.00631450233544
0.318114027042
0.0366778452256
0.0105165361808
0.0080317340046
0.0107192634373
0.0376752325596
0.00769284283901
0.00462467022208
0.065975179578
0.0176267434688
0.00707503517677
0.00588315069373
0.00728484510914
0.0141663832761
0.282224291379
0.0109604727985
0.0112113704576
0.0441226892652
0.02532013629
0.00465279081912
0.0257877658319
0.0275265266697
0.00637189873803
0.026727747881
0.0130258128964
0.0166085161789
0.0217132970418
0.00505233124684
0.244763966469
0.00536928930971
0.0196270860101
0.0136196608369
0.00864627366471
0.00760074995151
0.00637189873803
0.00637189873803
0.0148538444313
0.00831267583071
0.00637189873803
0.00789189983212
0.00892263853129
0.00729485010566
0.0200358204294
0.0143572764002
0.0178502073723
0.0178502073723
0.00637189873803
0.0523296313048
0.0246923724935
0.00864627366471
0.0507999303426
0.0137081533856
0.00503984379575
0.0141663832761
0.00658636214008
0.0370622687764
0.0242059862616
0.0130258128964
0.00514736807966
0.182658655752
0.00683938106611
0.0150833701422
0.00875837585968
0.0781756770518
0.0308545416953
0.0223691848605
0.0206118379912
0.0176267434688
0.0236659967948
0.0134525007781
0.00817661138461
0.0129960590223
0.227159445957
0.00809857967982
0.00791043165
0.00503984379575
0.249899582427
0.0804312150489
0.0172874139818
0.027766839281
0.00562330886756
0.0108730095527
0.254873023965
0.00503984379575
0.0151890949913
0.0112113704576
0.00900178424429
0.00892660564296
0.0087090089149
0.138610694109
0.0313122624018
0.0293757570292
0.0347692555233
0.0986570382894
0.0112113704576
0.0830998463154
0.0227879623992
0.0440752077768
0.00637189873803
0.0110825315803
0.0152930462373
0.0184091856414
0.0317538347675
0.0135722468941
0.00918311120019
0.00818406035388
0.0108730095527
0.00637189873803
0.103570137636
0.0320092401117
0.0577676089777
0.0416594622316
0.00663209203546
0.00445557198833
0.00529415513318
0.00531534507753
0.00737105939618
0.0141663832761
0.214367705071
0.00685020693238
0.0210882441651
0.0162486669679
0.0187970718812
0.00786774830914
0.00604995698392
0.03946563201
0.0319498882942
0.0219509032154
0.0151364911461
0.0105165361808
0.00465279081912
0.0345253337717
0.0114907645651
0.0169538794898
0.0636779195008
0.182658655752
0.0196068322616
0.00760074995151
0.010477021986
0.00880116942852
0.0137148839335
0.0141663832761
0.198882320693
0.00579259828876
0.025182184311
0.005572946955
0.180317505662
0.00736100283533
0.00548075697373
0.139594525207
0.00637189873803
0.00627387108633
0.012079736807
0.182658655752
0.0110397177818
0.00637189873803
0.0141663832761
0.0170588325415
0.0289186927308
0.050014911674
0.0387806488582
0.0198019999894
0.0234832250274
0.0132640244717
0.00782647968685
0.0205030059345
0.0196270860101
0.0108730095527
0.0332308603727
0.0265863948588
0.0289263465409
0.0191498212602
0.0242438299885
0.00736100283533
0.00691927878641
0.0311318139445
0.0672311630365
0.0100901378891
0.0242286937031
0.0087090089149
0.0193891224741
0.0875277496666
0.0791669841631
0.00454357843959
0.0525341764195
0.0141663832761
0.0130258128964
0.0103184680316
0.0565417583549
0.0141663832761
0.0374675312769
0.0596315819986
0.0217328022309
0.0108730095527
0.0220779790631
0.027587003417
0.0192227821814
0.0120286593204
0.188369347131
0.202806506171
0.00738515543157
0.0817608564969
0.0279031392338
0.0322479544413
0.00588315069373
0.00744741805652
0.0141663832761
0.113148820309
0.0376073576962
0.00637189873803
0.00738515543157
0.00857533659726
0.029563332199
0.0117876118348
0.00588315069373
0.00952520553708
0.0317538347675
0.0208735509569
0.00637189873803
0.00707371284882
0.0108730095527
0.015895816591
0.00923946615816
0.00637189873803
0.00702841918768
0.0081451573371
0.0141663832761
0.0202531079707
0.108778133511
0.0223910281283
0.0152549735589
0.0248431083377
0.0108932001021
0.120212137872
0.279042678858
0.0210882441651
0.0141196169175
0.0315303764935
0.0315303764935
0.00937427864021
0.101245081144
0.0129557545501
0.0309945456057
0.15609605946
0.00966573312413
0.00590076250184
0.0103953043394
0.0137123373722
0.0108730095527
0.00766552853861
0.0384916998586
0.0087090089149
0.0293757570292
0.00508552140236
0.0078240582387
0.0167872577051
0.0132375069005
0.0608597148233
0.21863220546
0.00531682795855
0.0240941662919
0.0087090089149
0.00723259354004
0.094349670319
0.0290606061674
0.0317538347675
0.00637336022663
0.00993648158007
0.0131508485568
0.00609992339231
0.0087090089149
0.0284313976293
0.00617549100084
0.00689108269788
0.0397799410544
0.0130258128964
0.0196414942883
0.0155822913545
0.156903710986
0.00804244690743
0.0600479709131
0.00680823988509
0.0146581083566
0.20907743802
0.0141663832761
0.0150833701422
0.0755807741748
0.0137123373722
0.0617419406049
0.0141683538738
0.00637189873803
0.0282815091916
0.00503984379575
0.0317538347675
0.0347692555233
0.00864627366471
0.012966295303
0.00713836885903
0.0178253086713
0.0174495567464
0.0164179826942
0.0111415182376
0.0822779860604
0.0109409720331
0.0140260498263
0.0608597148233
0.0166297965182
0.0178502073723
0.013532466005
0.0672084963871
0.0432456723893
0.152244462008
0.00760074995151
0.091903931674
0.0265436366629
0.0242286937031
0.0108730095527
0.00637189873803
0.00888853947706
0.039589175004
0.0241330428638
0.0395597919782
0.017189723531
0.0341583332462
0.00579259828876
0.00637189873803
0.00432298281323
0.0242564936468
0.278401777024
0.0105165361808
0.0125972413665
0.148992810051
0.00858317212158
0.0391479702579
0.0277954477862
0.0130221851051
0.0154232421776
0.0215828515732
0.00855639925443
0.223217196898
0.0107111205998
0.00864627366471
0.0170408480686
0.0100391626577
0.0885086676801
0.0322354778956
0.00531534507753
0.00843777074966
0.0159413231551
0.0613830839709
0.00884803816081
0.0237915433445
0.025367912468
0.00614532657332
0.00699897672328
0.00614532657332
0.0204260266301
0.00445557198833
0.0242286937031
0.0363903155265
0.00757706238506
0.0972854457706
0.182658655752
0.00636561593376
0.0689304880151
0.236913969841
0.0112113704576
0.0118303516439
0.00465279081912
0.00445557198833
0.0134525007781
0.0130258128964
0.150371880552
0.0087090089149
0.215798098372
0.00637189873803
0.0249452859445
0.00843777074966
0.00627387108633
0.0118560794124
0.00637189873803
0.0126157825296
0.0592676310353
0.106377719522
0.00543282663495
0.0284804466784
0.025127693805
0.00452107078652
0.109541030356
0.0286466753933
0.0188600809742
0.0141663832761
0.334963164166
0.254873023965
0.00809857967982
0.0215828515732
0.23354482838
0.032717053143
0.00814009031663
0.0194354464863
0.0435715190477
0.0134300245256
0.00808208908562
0.0196068322616
0.0105165361808
0.284509864695
0.00758818748786
0.00627387108633
0.00637189873803
0.198890518108
0.0608637712158
0.0276835068777
0.00637189873803
0.00637189873803
0.0599830786746
0.00724671736375
0.0100901378891
0.0130258128964
0.0475446730703
0.00769284283901
0.168336171991
0.00980110601884
0.0293757570292
0.0570336613118
0.00990150066651
0.0108730095527
0.0245580453998
0.0727859628186
0.0061814497117
0.00806931148203
0.0246953390878
0.176537822612
0.198890518108
0.0094578987966
0.118683568154
0.00638876404491
0.0317538347675
0.00918792363748
0.13529473184
0.180317505662
0.0150833701422
0.00934560422831
0.015776281184
0.0111415182376
0.00502838740974
0.041367030785
0.0259902961997
0.194496098776
0.033879943806
0.00588854261669
0.00687950242761
0.180317505662
0.00685020693238
0.00488936834047
0.0231613351219
0.0981344101322
0.0323273333799
0.00727165354312
0.00916723864281
0.237643247419
0.150371880552
0.00594407661869
0.0267999772202
0.0210231229457
0.0262223498051
0.0141663832761
0.0194671363026
0.0221561686506
0.0485887657215
0.0196068322616
0.0317538347675
0.012179909526
0.0810802098333
0.0143299678561
0.00637189873803
0.0476810101487
0.00630674990005
0.0554207312697
0.0317538347675
0.00637189873803
0.00627387108633
0.0269901208371
0.0130141078354
0.00627387108633
0.0196068322616
0.0112113704576
0.0177287588611
0.0118265430471
0.00637189873803
0.0237341422323
0.236913969841
0.00911917198909
0.0100901378891
0.150371880552
0.102688210313
0.0237595174687
0.0087090089149
0.0341583332462
0.156903710986
0.00725679703511
0.012761318207
0.0830998463154
0.0196068322616
0.0532234990621
0.0231895054013
0.0201240603727
0.0119801263736
0.152244462008
0.00685234099108
0.0196109282072
0.00534725752448
0.00921839692281
0.00981090661085
0.0862583807771
0.0130258128964
0.0146859891256
0.00637189873803
0.0159929596016
0.0596315819986
0.0489172357506
0.00637189873803
0.00593610035715
0.143754401046
0.0517260208836
0.0299672726084
0.0309678451316
0.00744999381515
0.0317538347675
0.0494449241941
0.10210905619
0.0169686831936
0.0142923918868
0.0128093877685
0.0830998463154
0.06106606279
0.0093652282281
0.0271421549793
0.00927606504247
0.0193191221678
0.0246775790597
0.00858271049089
0.101245081144
0.0134525007781
0.027576566555
0.00770009975427
0.01496918388
0.0222432322874
0.00567703274275
0.0075098882306
0.0222967816823
0.0105165361808
0.0087090089149
0.0238660981651
0.00445557198833
0.0234559880359
0.0858059126793
0.0234980730303
0.236913969841
0.0080583816114
0.00707503517677
0.0236062968325
0.0341583332462
0.0187016314251
0.103014697526
0.015106723038
0.0523502375121
0.0219509032154
0.00732524290326
0.0058072540167
0.138162427654
0.0317538347675
0.00448266900351
0.0431194076553
0.0476186776104
0.0137197726353
0.00503984379575
0.0236659967948
0.00566749208088
0.0138712806951
0.0469788327048
0.0102729811304
0.0105165361808
0.0346565240253
0.0865019776869
0.0316369405674
0.0461399134574
0.0633183647786
0.0293757570292
0.0988639219586
0.119066814899
0.00752708749372
0.00678782424792
0.0103275687719
0.0200076209333
0.0141663832761
0.0141663832761
0.0179939245645
0.00804244690743
0.0136196608369
0.0141663832761
0.0366216317134
0.0183009611491
0.00777852675477
0.19607315489
0.00888853947706
0.0167301413249
0.104069121868
0.00448266900351
0.0101540937284
0.19607315489
0.0141663832761
0.025182184311
0.0277407837228
0.0170929307605
0.13690430237
0.198890518108
0.0564289033189
0.0243883099639
0.00745695710538
0.0317538347675
0.0137123373722
0.00637189873803
0.0134525007781
0.00927606504247
0.00860094387093
0.0192757908489
0.00609411516119
0.00627387108633
0.0266238467594
0.00531959576883
0.0637669641801
0.0508921230733
0.132610374513
0.0196270860101
0.150371880552
0.0306968075064
0.0631771746179
0.00756658566517
0.0087090089149
0.0242286937031
0.0803814039554
0.0141663832761
0.0842177281636
0.152244462008
0.0132640244717
0.0941135120776
0.0363903155265
0.0108730095527
0.00842295410321
0.00558594359989
0.00830692839831
0.162537123606
0.0290700336996
0.0148447510921
0.0481516760581
0.0249321265405
0.0105093296745
0.0371670796006
0.00727165354312
0.0233610447046
0.0185339366191
0.0617667593904
0.0109071463544
0.00637189873803
0.0135064577544
0.257552671025
0.182658655752
0.041101983845
0.0156681547266
0.00601690133145
0.115985877468
0.0112113704576
0.00637189873803
0.0215828515732
0.00938539684619
0.0112113704576
0.108778133511
0.0170929307605
0.23354482838
0.0340171140279
0.0176267434688
0.0537286871225
0.00763727517589
0.00769284283901
0.0209961863416
0.00512751719841
0.0190010513917
0.0067860242023
0.00467113370655
0.00637189873803
0.00592430252888
0.00637189873803
0.357605303437
0.0530603734363
0.0530603734363
0.0311806773363
0.00601690133145
0.023732310675
0.0105713118044
0.014705722652
0.0087090089149
0.0108730095527
0.0234405438029
0.0178502073723
0.00445557198833
0.00648557381512
0.0108305981047
0.00760156776357
0.0425952170897
0.0316986425402
0.0569157293483
0.180317505662
0.0236166567802
0.00951736328238
0.00637189873803
0.0148999119306
0.0116516463299
0.0155187743125
0.00702841918768
0.0375207093202
0.0108730095527
0.0303287498858
0.00838914702377
0.00528324138141
0.00588854261669
0.00694247840647
0.0116432268638
0.0111308118772
0.0569086392168
0.0192454713416
0.0370616143668
0.0105165361808
0.00864627366471
0.0331370584097
0.0348432823546
0.00921818877836
0.0135185890605
0.047303164869
0.00627387108633
0.188034377582
0.0202515858896
0.00760074995151
0.0103240498701
0.00690134235989
0.0169538794898
0.0267926538261
0.0113022950928
0.0239870998161
0.00753596647612
0.0158763312179
0.0258356993247
0.02334685121
0.0112113704576
0.0520873448357
0.0503773352928
0.0112113704576
0.042786701529
0.00579259828876
0.0177631709675
0.0139480682841
0.00503984379575
0.0180386742156
0.00852491318942
0.00637189873803
0.00888925648259
0.0420953673674
0.00503984379575
0.256802400012
0.00503984379575
0.0636121758229
0.0108730095527
0.0112113704576
0.0340171140279
0.00843777074966
0.00637189873803
0.00738515543157
0.0103960989556
0.0173845737096
0.00678782424792
0.211158910628
0.0141663832761
0.0141663832761
0.182658655752
0.00637189873803
0.0105165361808
0.00736100283533
0.164693805884
0.0112113704576
0.0317416858765
0.00513415952307
0.0919542791312
0.252820750251
0.0068388387864
0.0242286937031
0.00848240832476
0.0141663832761
0.0520818164663
0.196569110801
0.168336171991
0.0196068322616
0.0134525007781
0.0981344101322
0.0111308118772
0.00445557198833
0.00737172468617
0.00588315069373
0.113333039598
0.0117074764574
0.00855224468142
0.198890518108
0.017148485539
0.138947527902
0.0489438197745
0.00685020693238
0.0315303764935
0.0098481092543
0.00707371284882
0.0107111205998
0.0110652718512
0.00637008838686
0.0116784636631
0.0105165361808
0.00478545838898
0.0317538347675
0.00691019012564
0.0378818587398
0.0176267434688
0.00823767175636
0.00638580858315
0.0609500506766
0.00982740004401
0.00736100283533
0.123758894601
0.040864564832
0.00627387108633
0.00826371561393
0.00760074995151
0.0139531783621
0.0524773999995
0.168820474247
0.00607782927404
0.0133548831893
0.0068388387864
0.282224291379
0.029514360253
0.0167268641932
0.0530603734363
0.020939150939
0.0117499218248
0.00584369588166
0.0141663832761
0.0104662348599
0.139322082488
0.0218351229602
0.00967362554156
0.00601690133145
0.206816042753
0.00841985271333
0.213713897825
0.00503984379575
0.0123686857115
0.0129639240725
0.0148460010127
0.0155952592452
0.00637189873803
0.0637669641801
0.0141663832761
0.0146859891256
0.104788711371
0.0105165361808
0.0579201133683
0.0145162056367
0.0427612688373
0.00804244690743
0.0087090089149
0.0157204941874
0.00503984379575
0.00637189873803
0.164693805884
0.00749255089924
0.0345050283258
0.0317538347675
0.00978130076347
0.0068388387864
0.0196068322616
0.00885311536247
0.0229873264709
0.0204781760757
0.017062047096
0.00488936834047
0.0943272723215
0.0608597148233
0.0102340856449
0.0139325389724
0.243122031462
0.0183749223842
0.00958035421635
0.0192835563855
0.00904858329925
0.114060089313
0.00448266900351
0.00546969776695
0.00627387108633
0.0344928107203
0.299388541191
0.0108730095527
0.00934560422831
0.0196587778088
0.0229253671675
0.0229183866042
0.0372391950715
0.0268660800017
0.00685020693238
0.0100709312407
0.257552671025
0.244577443064
0.0472164066855
0.0082590523878
0.119135957334
0.010204156053
0.00503984379575
0.00996525127616
0.00730329059346
0.269668642772
0.0179921235561
0.00627387108633
0.00760074995151
0.0087090089149
0.00804244690743
0.0230195842831
0.0148999119306
0.00456069419163
0.00760074995151
0.138610694109
0.0145981191055
0.0317538347675
0.127945327129
0.0119319959427
0.0236659967948
0.0464623076214
0.00938539684619
0.0157204941874
0.00760074995151
0.0222492373332
0.00465279081912
0.00748395958965
0.915997892685
0.00888627051154
0.0111308118772
0.033436551663
0.216174580212
0.0157364933888
0.0363303282753
0.122262032307
0.0243878740769
0.0187180187484
0.0236659967948
0.124480196436
0.0274441684607
0.0355187884548
0.015592430597
0.214181830028
0.180317505662
0.0288541946757
0.010800023858
0.0493256383794
0.00588315069373
0.00637189873803
0.0185699979743
0.00701955499569
0.0061383585171
0.0569157293483
0.0105165361808
0.0370616143668
0.0880163214042
0.236019571327
0.0141663832761
0.113602359728
0.00387148818772
0.00637189873803
0.0101593130242
0.0791081078824
0.0141663832761
0.0119393965485
0.241783785767
0.00445557198833
0.00645311225096
0.00760074995151
0.244967736225
0.00731452543756
0.00637189873803
0.0168306253715
0.00702483532256
0.00523697474018
0.0317538347675
0.0145303587063
0.0141663832761
0.120799824008
0.0275799147183
0.119135957334
0.0387405724868
0.0410605427106
0.0876505778397
0.0100572284835
0.0702834970434
0.168336171991
0.0236659967948
0.101986363888
0.0317538347675
0.0141864502074
0.200181366201
0.0196068322616
0.0225158720219
0.00637189873803
0.0409482332263
0.00500939569609
0.00980922499477
0.00637189873803
0.0340171140279
0.0135219216361
0.211541215791
0.0114061593672
0.0100034433115
0.0059130557315
0.00510500001908
0.180317505662
0.0178785677159
0.00637189873803
0.0141663832761
0.0226036473727
0.0141663832761
0.0101359470592
0.0272562975231
0.00923388729917
0.00637189873803
0.00588315069373
0.00682580103451
0.0242286937031
0.0108730095527
0.0134525007781
0.0314638467227
0.121795851846
0.0162546617192
0.00777270253251
0.0310367147634
0.00727165354312
0.172353068463
0.0830828762399
0.00648964251084
0.0252073938842
0.0383942722054
0.0289263465409
0.0202394593029
0.151424515428
0.209615286602
0.042413592888
0.0850887274746
0.180317505662
0.0337782842275
0.0791669841631
0.257552671025
0.0100901378891
0.0122944589919
0.279042678858
0.197869821678
0.0133548831893
0.0340171140279
0.00637336022663
0.0145981191055
0.0317538347675
0.019926472206
0.0206230497795
0.0107487620651
0.00637189873803
0.00554496431815
0.00637189873803
0.00686612077466
0.243045400726
0.00544064141539
0.00503984379575
0.0528618454958
0.0205402919782
