0.0114597783127
0.00399914794636
0.00895910460896
0.0200070418277
0.00843242780926
0.0840941382456
0.00530552250408
0.00569039131125
0.00459769482121
0.0191197419118
0.0052458715446
0.00836992746715
0.00728313080354
0.00793800807452
0.0114597783127
0.0497751811198
0.0416456502288
0.00829379555742
0.0142132238525
0.00569039131125
0.0163812398527
0.0642706228397
0.0262711950635
0.0191565813512
0.0108502883356
0.00678020376254
0.110288605222
0.00370131208375
0.223525132302
0.0147186574835
0.0277013831211
0.0286251772862
0.0495163474393
0.00516137387528
0.00505865506501
0.172717335938
0.0215820184014
0.0272579939587
0.00546089133664
0.0305058726895
0.0495060379067
0.0431902537706
0.0310301393932
0.0155293946962
0.054691557111
0.0423182985055
0.0205165535525
0.0443265494252
0.0583993585425
0.0181120477684
0.00796523043541
0.00368210601585
0.00675208017015
0.0138609049751
0.0114597783127
0.0191393634534
0.0591991830776
0.00546089133664
0.00713848895349
0.0114597783127
0.0120054383141
0.0860696331028
0.0210708845233
0.0113800076228
0.00505865506501
0.0876187644964
0.0278218535243
0.00735289824848
0.00719120670956
0.0539880004676
0.0114597783127
0.0156740032784
0.0114597783127
0.0431902537706
0.0158807876014
0.0219664842629
0.0032287349998
0.0114726393243
0.00750362153807
0.0166350802773
0.0107117440777
0.00941803601425
0.00475263338745
0.00939841077504
0.0120182475203
0.0196802554091
0.0120700760447
0.00572253308707
0.03490767628
0.0639742383857
0.0195901295368
0.00505865506501
0.0142939991776
0.0259729459194
0.0296169829329
0.00533739283074
0.0106965097653
0.00713848895349
0.1804919338
0.136034464049
0.0125005012045
0.0111335496425
0.0144546284218
0.0115609963535
0.0193274119567
0.00898211315091
0.0190169890598
0.0422780195672
0.00640798525094
0.00549864239256
0.0448405303954
0.0112465871613
0.0533969928303
0.0764118960874
0.00505865506501
0.0133100448173
0.0120182475203
0.0154144328479
0.0462789136466
0.141848388789
0.0293872485551
0.00633361627959
0.0293324549694
0.148297566956
0.0207906550089
0.00952920075363
0.00643453470464
0.0126797019579
0.135097042786
0.188665441931
0.0050346841499
0.201567259117
0.0312724743203
0.00442244867556
0.0347004548342
0.0180154097151
0.0171115798602
0.263143766229
0.00726808741257
0.00877958813248
0.00404423109743
0.0890943431055
0.0356104844259
0.0998082372102
0.0157182944816
0.124237508236
0.0177809565191
0.00705478861875
0.146023184602
0.152286305423
0.00576174539866
0.045122571587
0.0577302183965
0.00645172416468
0.0283526488393
0.0177011031419
0.00870093139478
0.00444549918109
0.0959396447721
0.0214352897179
0.206594322048
0.00803894409116
0.0283369531822
0.00699641032408
0.00559100021785
0.0959396447721
0.0312805116078
0.00910282100231
0.0261903600867
0.0297744647724
0.0150141023846
0.0265045609049
0.00559347241027
0.0979102057181
0.00813078561402
0.245106607558
0.0121968832622
0.169723719306
0.0446640577826
0.00525526802428
0.00658386960577
0.0148316652865
0.0280259299754
0.0320786020589
0.0242201356641
0.0112361061885
0.00566815325371
0.0122848422371
0.00645172416468
0.0101916970226
0.0126797019579
0.0265045609049
0.00464938088285
0.00702786725286
0.0125524706374
0.00618630737104
0.139212893599
0.00360042657883
0.00737637687922
0.00570698869311
0.00597882230132
0.177208720856
0.0135319281962
0.00559347241027
0.0153324703824
0.0105568705663
0.00673909698017
0.177208720856
0.0584862367647
0.109518286598
0.00774183607081
0.0123191781635
0.00795413035861
0.0594620056321
0.0593192008922
0.00991549507564
0.0308133538835
0.0111701481135
0.0106802112388
0.013027627232
0.161230639111
0.00559347241027
0.259446184544
0.00747099003053
0.0227966008304
0.021004336574
0.00673716777004
0.013045890102
0.0303118354764
0.0177695667573
0.0092044684666
0.0300494277738
0.0180492971697
0.0288259876115
0.0145287912463
0.0223361577968
0.031048054236
0.0241356362707
0.212663196115
0.0175976162316
0.015192474396
0.00782213767886
0.0361041823245
0.00678836975889
0.0939115975287
0.0103391009854
0.0248705133958
0.0134862272057
0.171129278442
0.00639301907538
0.00620642469398
0.0132911103002
0.0109090926843
0.01222674019
0.283335072746
0.0131887126942
0.0254848658145
0.00789879415085
0.00620642469398
0.0134426741137
0.00998437661128
0.00443964272378
0.00997983932668
0.00571539980545
0.00620642469398
0.00490770940357
0.132290713034
0.00875400477019
0.017523680381
0.0276993736118
0.00628992514069
0.0388385254444
0.00795645485267
0.0214653028991
0.00916715750758
0.01673991073
0.0217402705112
0.0197029936739
0.0258444715557
0.00696521292004
0.190379347678
0.19465088263
0.00679173182474
0.108011360531
0.0105809749736
0.0357592680409
0.0142072200826
0.005364788849
0.204313707017
0.0220554237033
0.184954855939
0.00620994472594
0.249943244401
0.0115194369769
0.171129278442
0.00864830012171
0.00829671917523
0.0141396849399
0.288522889865
0.162478887406
0.0654566020031
0.0999731499317
0.0301691574911
0.0140582099958
0.00487428630963
0.00613040280635
0.0140582099958
0.00884200819349
0.0719502543417
0.00888311544119
0.0136590331292
0.0421812124016
0.0328007005255
0.0178396012209
0.00875400477019
0.0314742115322
0.0215913107786
0.083346363213
0.00947454416812
0.0222135159804
0.0110250156508
0.0057545570819
0.00569753057217
0.077896101415
0.00909633179996
0.00875400477019
0.00620642469398
0.028871953731
0.00958658922019
0.0110250156508
0.186762270227
0.103803866343
0.0411250262772
0.00493327663221
0.00586847508423
0.0801718473056
0.00436956450725
0.0057385522396
0.00694181401928
0.0136590331292
0.00789879415085
0.0128762000397
0.00888311544119
0.0557871415522
0.0323801757959
0.00706387813446
0.0323801757959
0.00923058474163
0.0223044597927
0.0419771444618
0.0566635326699
0.0105545517594
0.148207043631
0.00608365739199
0.0132911103002
0.0240911771118
0.10786157949
0.016537625641
0.00954585532574
0.00875400477019
0.0162440920646
0.267532413881
0.0391819126982
0.0109968320877
0.00772360670304
0.0186718434602
0.0691582693234
0.0441142851063
0.101347832731
0.103755176922
0.0110099689109
0.0237427944086
0.034978035971
0.0128762000397
0.00753248793105
0.0229830094863
0.00841951562185
0.0515488358416
0.182474931011
0.0526005371452
0.0372096861169
0.0423734819526
0.00706309707476
0.00720405497171
0.0169944171197
0.0077762714436
0.0077854021159
0.015192474396
0.0328007005255
0.0140582099958
0.00944728476642
0.0130410374701
0.0116723091999
0.0219982784405
0.184110553897
0.00885177334423
0.00954585532574
0.0115194369769
0.0207357457622
0.0133837959094
0.00529968602783
0.0166421232113
0.00571539980545
0.00490770940357
0.00620642469398
0.0082007686075
0.00724067098358
0.224997154059
0.0192387606592
0.00620642469398
0.00853875877422
0.00711220800385
0.0043397903712
0.0140582099958
0.110145406864
0.00789879415085
0.0240911771118
0.0372393323725
0.0334036855695
0.0185435938681
0.0169944171197
0.0136590331292
0.00681027885344
0.0209772884931
0.0762883096086
0.0351957027153
0.0199903316726
0.00875400477019
0.0230344574886
0.0110250156508
0.00547110590157
0.0136590331292
0.0140582099958
0.102640098614
0.0405419931323
0.00831463147519
0.00700746490149
0.060530346186
0.140041922261
0.0593771898775
0.00620642469398
0.00864111035084
0.102640098614
0.00833119315824
0.00619505665378
0.00700746490149
0.197081672596
0.0039958515474
0.00786341220391
0.02744766837
0.0043397903712
0.0080682612459
0.223981227219
0.00956903237085
0.0213732167621
0.00927331623958
0.162236192572
0.00824194976026
0.0110250156508
0.0311471425338
0.145537425465
0.221595051723
0.00522853607391
0.00891092875763
0.0972831559926
0.0671697631888
0.0109968320877
0.0120192165495
0.00769868307183
0.0171294757124
0.0245563959437
0.00456777116813
0.0880655622833
0.0448683634012
0.00875400477019
0.0141319754639
0.0273204111841
0.0393825335757
0.00911710099522
0.044600326152
0.23284342981
0.0201802205703
0.0365103651118
0.0395079810529
0.0197884339795
0.0043397903712
0.0136590331292
0.00887050681371
0.00864419458502
0.102553898877
0.229304788503
0.00932690906558
0.0265846974477
0.0197029936739
0.013302264542
0.0133572991106
0.0623931244855
0.0305476660211
0.00620642469398
0.0136590331292
0.0344318139093
0.00633230127459
0.00563004246703
0.0140582099958
0.017523680381
0.00887050681371
0.105828403816
0.00734710020853
0.00620642469398
0.00902760321412
0.0140582099958
0.0223044597927
0.0316982502072
0.00762433681628
0.0101047062955
0.00516128093699
0.0817275745533
0.0179104525162
0.0169726993847
0.0146801907357
0.00829102023695
0.0278028266514
0.00849205701997
0.022182409759
0.0062489249312
0.0085018374504
0.0110250156508
0.0420250224328
0.0399998389012
0.05341113565
0.00620642469398
0.0223044597927
0.0144621383801
0.0347122148444
0.00633230127459
0.0115194369769
0.015583434742
0.00620642469398
0.0431773527833
0.215862443937
0.00886788595733
0.0120319943379
0.0110250156508
0.138861921207
0.0197029936739
0.140766570842
0.0136781140937
0.00603633388877
0.00875400477019
0.00839243895008
0.0192009121928
0.00586847508423
0.0223044597927
0.204313707017
0.00620642469398
0.00516264319323
0.064691720152
0.0103439425612
0.0796347389058
0.18557038121
0.083796531596
0.00830561914455
0.191072790977
0.0229306116815
0.00409342013371
0.0140582099958
0.0105116233082
0.00642581664811
0.0070580784643
0.136777857508
0.102679434901
0.0847620464814
0.00875400477019
0.0323801757959
0.0459284269242
0.20675031639
0.123150022673
0.273137731351
0.00620642469398
0.0140582099958
0.0110250156508
0.0237427944086
0.0268100647549
0.00525535675501
0.0256438057187
0.0141076533029
0.868627296918
0.0043397903712
0.0121964434943
0.0286690867855
0.014716759003
0.0237908205342
0.00420968172347
0.0168956376815
0.0187000343318
0.0066337208704
0.0227069407053
0.0110250156508
0.0180019722494
0.197081672596
0.0172063444039
0.0179372127977
0.0110250156508
0.139312994656
0.00620642469398
0.0445970489783
0.0691582693234
0.00875400477019
0.00654908250735
0.0125686368254
0.0976700470095
0.0425962540947
0.00633230127459
0.0484444735736
0.0328007005255
0.0272237901805
0.00620642469398
0.0109968320877
0.0276744211976
0.0222375536323
0.0357043861162
0.00972816668769
0.0220522874976
0.0115194369769
0.0735452200742
0.0261782712452
0.00620642469398
0.0231642969534
0.00731025546079
0.00462366355584
0.0496521866873
0.0423734819526
0.0201802205703
0.0163015118056
0.0133895296592
0.0201802205703
0.0120260489692
0.016481739175
0.0218949362075
0.00509258523603
0.267978278305
0.0571260557648
0.0136610310818
0.00628923756633
0.0104938430765
0.0272525087982
0.00917564650853
0.0212697073821
0.0197029936739
0.00762081736012
0.0197029936739
0.00620642469398
0.0372393323725
0.0140582099958
0.0121780892448
0.00706387813446
0.0691324282
0.00789879415085
0.0348787105551
0.00620642469398
0.00571539980545
0.0290544582784
0.00620642469398
0.00487428630963
0.235445911729
0.00885425148524
0.10767816912
0.00714382965281
0.10786157949
0.00829671917523
0.00639301907538
0.00897173073751
0.017523680381
0.00652665813817
0.0113071829635
0.02603996337
0.101528515739
0.0103216812699
0.103716802207
0.00436956450725
0.0370335531614
0.0066337208704
0.0344297299727
0.00459667318081
0.00620642469398
0.0203134914072
0.0398188747864
0.0083964460273
0.0308972122669
0.0541611416384
0.0195211641049
0.0136590331292
0.00419749665591
0.0137047800973
0.0144291478108
0.0067019077907
0.219687291641
0.0132802662549
0.0185638721462
0.00694181401928
0.00690062070577
0.0828436016872
0.045583346141
0.0177134534403
0.0412722230038
0.0100964353943
0.0169944171197
0.0108844049684
0.0193866546217
0.16430305718
0.0121780892448
0.133364453789
0.0254240913561
0.0140582099958
0.019465596845
0.0161355183326
0.0575476985965
0.0364285387314
0.0210398211015
0.0377205034153
0.00824871747307
0.0234138837281
0.00763736402649
0.0340134036586
0.0169699818558
0.121360236316
0.0136590331292
0.00448817834559
0.0112445227117
0.0227043773993
0.2739550012
0.0393146468449
0.0115194369769
0.00875400477019
0.0133362769781
0.017523680381
0.0057080759996
0.00701241084464
0.00886902738113
0.027992178689
0.0349708845472
0.00773081296549
0.0136590331292
0.0574668669996
0.0125937701688
0.0112184852019
0.00599395086901
0.0184512336877
0.0176154389995
0.0190248204038
0.072668135129
0.0277722253953
0.0294640464503
0.153175218607
0.0109968320877
0.0070580784643
0.164196981935
0.0300231496343
0.00440635760377
0.00795607984431
0.0353951370309
0.0121780892448
0.0203002869241
0.00765821788302
0.0328007005255
0.0104072740396
0.0212448027459
0.00507907302856
0.0110250156508
0.0127966168985
0.0319680001735
0.0119094423052
0.0323801757959
0.0148493147282
0.0254755902218
0.00875818832884
0.0107623876224
0.0912581003281
0.0199077133843
0.0317649980393
0.0110250156508
0.0080823402839
0.0464659603905
0.0372328859246
0.00671946177121
0.0237427944086
0.00534363682234
0.0140582099958
0.0656318163369
0.151736967838
0.00953284434024
0.00740981459202
0.0494806836755
0.261478382311
0.0062489249312
0.0240911771118
0.139312994656
0.123482321137
0.0102965427593
0.03037192155
0.0080630618925
0.00620642469398
0.182461604786
0.0134064084431
0.0072070191752
0.036337475802
0.03743057857
0.013910809409
0.00664363811111
0.00947055156304
0.0100593117746
0.0082502550193
0.0375121689203
0.0275500837564
0.194133676608
0.148207043631
0.0473049419295
0.0140582099958
0.0237427944086
0.0177620261307
0.0271140472688
0.0278552226872
0.0124629286484
0.262228569549
0.0250808818828
0.00571539980545
0.243500010821
0.0376751864398
0.016365448987
0.0433252991408
0.01083495153
0.00475380266567
0.024691429352
0.00487428630963
0.0285392061457
0.0109968320877
0.00620642469398
0.164196981935
0.010606127646
0.0140582099958
0.102640098614
0.0136590331292
0.0116723091999
0.00791113303733
0.0197029936739
0.0108844049684
0.0511637590101
0.011302087006
0.0791306182371
0.0188556298104
0.0090013201416
0.0140582099958
0.0165236733868
0.00441570174494
0.0908182008357
0.0234138837281
0.00633230127459
0.0708523364168
0.014654258125
0.0486617284511
0.0509046139379
0.11158272046
0.166966646912
0.0431513417317
0.0264307792628
0.0136590331292
0.0323801757959
0.0121104657383
0.180409684435
0.0367724880275
0.00810595449924
0.204313707017
0.145537425465
0.00738585352606
0.00902189214101
0.0366331911858
0.246446111231
0.0369824789489
0.0337031347706
0.148207043631
0.0240911771118
0.0353304992231
0.012982035024
0.00786341220391
0.00888311544119
0.024228517229
0.00710636893731
0.0344932563549
0.310967088216
0.219667106002
0.243354230237
0.0062489249312
0.0201987537495
0.0281340907649
0.0115194369769
0.0109340896114
0.0451658566535
0.0633125782632
0.0114817620091
0.0315038138642
0.00574779342702
0.0140582099958
0.0055601137544
0.0102389983745
0.0207682583078
0.0150998038498
0.236648451969
0.0372393323725
0.0116750827004
0.116985882699
0.00790879996722
0.073659624865
0.0101677893048
0.0100964353943
0.0062489249312
0.068015115878
0.0134064084431
0.10786157949
0.0121780892448
0.00620642469398
0.00620642469398
0.0121780892448
0.0339594606623
0.0539069267504
0.173286004962
0.059312063611
0.0136590331292
0.0118439469462
0.0247426685324
0.0216275108158
0.0109968320877
0.983909138479
0.00487428630963
0.00763456874219
0.0244614283217
0.0121780892448
0.00818404505856
0.00534667014875
0.00792417208892
0.0100424500665
0.0574668669996
0.0818357912979
0.0080051267929
0.0110250156508
0.0166421232113
0.00915576170647
0.00469393018663
0.0202441709568
0.017523680381
0.0223921790031
0.0429968686485
0.140766570842
0.0168143179935
0.0178918733745
0.0140582099958
0.00908776592711
0.0160094589075
0.012576639144
0.0120653573233
0.0123375928823
0.201337050658
0.0094237870616
0.0157620046203
0.0414982176999
0.031485060164
0.0154394812324
0.0206172233518
0.00490770940357
0.0136590331292
0.00887050681371
0.00571539980545
0.102553898877
0.103716802207
0.0124289813413
0.235756729735
0.171129278442
0.0353304992231
0.00875400477019
0.0083981610392
0.0306896216027
0.00875400477019
0.00948590355965
0.0323801757959
0.184542050443
0.0149235292508
0.11914736973
0.0095855625019
0.0471421867406
0.0115194369769
0.00558674648327
0.0197165639304
0.0582584304019
0.00620642469398
0.0115194369769
0.23284342981
0.00706387813446
0.10786157949
0.00715804967647
0.0251662358105
0.0342776730875
0.00628923756633
0.195671451409
0.00920688799607
0.182657596649
0.0186555643113
0.00967736281006
0.0122019998399
0.154352939342
0.0394874973084
0.0140582099958
0.0241208277247
0.033272565397
0.0064251284146
0.00975790528994
0.0082609433406
0.00451896591108
0.00718096211945
0.0110250156508
0.0062489249312
0.0178956160253
0.565460172319
0.0226657797271
0.250657503342
0.182276118754
0.0323801757959
0.00672281511674
0.0059303082445
0.0115194369769
0.0328007005255
0.00620642469398
0.010675247543
0.00808859346541
0.0323801757959
0.0526005371452
0.037602327366
0.00997139394061
0.0255924750816
0.0121780892448
0.00502012769213
0.0273204111841
0.0158131805412
0.140766570842
0.0109968320877
0.0080682612459
0.0323801757959
0.01391510528
0.0565346309573
0.00706387813446
0.0486171774864
0.162478887406
0.0169944171197
0.00652665813817
0.0135587156409
0.0775151178128
0.0401362755819
0.00616953297096
0.024863254763
0.0948079202779
0.226428057634
0.0199622750816
0.00831520059256
0.00555255611344
0.0812821528839
0.00571539980545
0.0062489249312
0.00620642469398
0.00882023923605
0.00942449542642
0.0159650504506
0.019774988418
0.130428564792
0.0163429427549
0.0189634068382
0.00981203807573
0.0248436206419
0.0130097081844
0.0140582099958
0.0118055549312
0.0909964052764
0.02693348511
0.0201802205703
0.0101653010992
0.0314847515159
0.00419749665591
0.00715804967647
0.00620642469398
0.0222403855274
0.0147615727806
0.00978007604866
0.00633230127459
0.254247478432
0.0486078178999
0.00487428630963
0.00633230127459
0.0140582099958
0.0323991360593
0.0136590331292
0.0191206345957
0.0170622429916
0.00676820470433
0.139312994656
0.00661158686212
0.00893108615412
0.0275500837564
0.00554872471285
0.00953149585617
0.0273424020696
0.0196902213012
0.00526003117842
0.0341072251903
0.0217720585805
0.157182936595
0.0232818889743
0.0067455649045
0.053833078574
0.00633230127459
0.00551183400835
0.0338062754363
0.0145287912463
0.165012982624
0.0291238657852
0.00830799869882
0.0159086046976
0.0110250156508
0.0101047062955
0.103803866343
0.0350696106483
0.060420903531
0.00566753969889
0.0782698335065
0.243668887835
0.018318538923
0.246700028395
0.0281340907649
0.0101792257205
0.00696521292004
0.0104496144862
0.00905573657358
0.0629538999998
0.0140582099958
0.0109968320877
0.0226370990812
0.178144673546
0.0140582099958
0.182276118754
0.00571539980545
0.00490770940357
0.00741157632377
0.0923069913542
0.0140582099958
0.145937718108
0.0543958706078
0.0212429636572
0.00789879415085
0.034978035971
0.0227858509335
0.0133258604643
0.0140582099958
0.00620642469398
0.11724248939
0.182461604786
0.0968872977491
0.0237427944086
0.0170181807872
0.0460174393654
0.0158070603518
0.0121780892448
0.0571668563107
0.00571539980545
0.0075709501164
0.212663196115
0.0110250156508
0.0215904047213
0.0203374809428
0.0446271292904
0.0155072106821
0.104215282792
0.00620567621091
0.0582584304019
0.258427242301
0.0159860748247
0.023157062929
0.0283103959335
0.00853875877422
0.00512749286361
0.0140582099958
0.249026474504
0.0372393323725
0.00661746496995
0.00937878476093
0.00751790262651
0.0057545570819
0.490231005332
0.10786157949
0.0122638911966
0.0109968320877
0.0357592680409
0.00735816525104
0.067023929578
0.282816086516
0.00571539980545
0.0365119706391
0.0237427944086
0.815570558547
0.0237280505663
0.0237427944086
0.017523680381
0.0237427944086
0.0328007005255
0.0198360707304
0.0508441493828
0.011333782149
0.00620642469398
0.0130627409326
0.0099639943112
0.0117698720167
0.0360329238294
0.00571539980545
0.0105625350315
0.0116723091999
0.00487428630963
0.0107687830397
0.0367347824216
0.0599406301697
0.00455325283962
0.0217720585805
0.00620642469398
0.182276118754
0.022182409759
0.00985744371671
0.0140582099958
0.00652561134361
0.105828403816
0.0216211956659
0.0206495000197
0.00813769338919
0.0477538835897
0.00527845641045
0.0121469942507
0.0462834793896
0.0107837202257
0.0243987941623
0.00887050681371
0.0368907902656
0.0108974460808
0.00487428630963
0.033115876753
0.00540919256715
0.0444763140033
0.00490770940357
0.0229304805777
0.0438292384307
0.00620642469398
0.0168797531025
0.0217720585805
0.00490770940357
0.0133362769781
0.0056960582477
0.245993344445
0.204313707017
0.164196981935
0.180409684435
0.0112184852019
0.190187889854
0.145537425465
0.186762270227
0.0323801757959
0.00715804967647
0.00633230127459
0.00715804967647
0.00620642469398
0.0606276761791
0.111915234879
0.00628923756633
0.0101050547932
0.00448817834559
0.111187274874
0.00441570174494
0.0136590331292
0.0132297197192
0.00916715750758
0.157182936595
0.253026324045
0.00790215911865
0.0237427944086
0.237512937632
0.0140582099958
0.00696521292004
0.0057545570819
0.00907818535734
0.00746452706879
0.0803707636573
0.00964339264958
0.180409684435
0.00459545957608
0.00911976802305
0.0136333436534
0.0188970309296
0.0480051315021
0.042695376989
0.00982854242449
0.00588944360199
0.0203496800073
0.00700746490149
0.102745237878
0.00929823763608
0.00875400477019
0.0241392417738
0.00764291779675
0.0082556037185
0.00790215911865
0.0196178687696
0.0197029936739
0.23284342981
0.0574944688532
0.00490770940357
0.00490770940357
0.216525539641
0.0223044597927
0.0347122148444
0.0824258670847
0.0515488358416
0.186762270227
0.0115194369769
0.00516153543312
0.170267111544
0.00931967616997
0.148982708375
0.0065089380074
0.031557541095
0.0145028061032
0.0140582099958
0.0939115975287
0.235096717768
0.0216762820299
0.0121780892448
0.0393146468449
0.0197029936739
0.0168902332935
0.0125937701688
0.0160258198113
0.0345468245959
0.0401362755819
0.0356625652737
0.0182463770778
0.0052103490753
0.00491049649653
0.0140582099958
0.0133362769781
0.00875400477019
0.0486078178999
0.00993702631689
0.0323801757959
0.00620642469398
0.0091825559527
0.140766570842
0.0118358352099
0.0179939553943
0.00644977634246
0.0201802205703
0.0314943357615
0.0492011041077
0.0147671850427
0.00620642469398
0.0168143179935
0.237319091211
0.0540394630244
0.0140582099958
0.137520290069
0.00628923756633
0.0745984238475
0.0088137955586
0.0628328126444
0.0240539330957
0.00571539980545
0.00487428630963
0.0237427944086
0.0119323739426
0.0702641637671
0.00875400477019
0.00620642469398
0.0080630618925
0.00549947849872
0.00834401703024
0.00526760238436
0.041178274032
0.046352161685
0.0323801757959
0.025346631021
0.0107727284436
0.0112140367401
0.0140582099958
0.0288290502291
0.0106322933477
0.0181636960223
0.020505226848
0.0412298490086
0.00633230127459
0.00760369726833
0.0281266815804
0.0140582099958
0.007174455361
0.0920681001174
0.00571539980545
0.0122749794864
0.00669931074177
0.0240911771118
0.00674516324642
0.00416604817201
0.00579169907235
0.0217833330721
0.149023675706
0.0293211325611
0.0061281095042
0.0545896231278
0.0118439469462
0.0595347870212
0.0273391133016
0.00487428630963
0.0445907308306
0.0135222114037
0.0237427944086
0.0802998773348
0.0140582099958
0.0107535269496
0.021167643243
0.00851759781473
0.0305032039148
0.00656271119353
0.047858978091
0.00512749286361
0.0268928525303
0.0328007005255
0.00661545853653
0.0261828401238
0.0149335010553
0.0110250156508
0.0689918450758
0.00926987868315
0.0369188600705
0.00881043222887
0.0235373617604
0.0057545570819
0.00620642469398
0.0110250156508
0.00777916317015
0.00976152000054
0.00778373299056
0.0145867857333
0.0183792744836
0.0100371097565
0.0803274923295
0.143814349893
0.017135710708
0.0312694111515
0.0140582099958
0.0347122148444
0.00582854718918
0.0890971760182
0.00905061197571
0.0062489249312
0.0422371921649
0.00558674648327
0.0231424023927
0.0316164468974
0.00748509565599
0.01003961723
0.066666754777
0.00669931074177
0.0242607286796
0.102832156825
0.0237943529886
0.0186166574669
0.0531762480176
0.0165114385652
0.035440098908
0.0088783051364
0.0213163119475
0.0360864863189
0.19213584496
0.0136590331292
0.00583137602358
0.0372096861169
0.15394760089
0.0775151178128
0.00451896591108
0.0113004294924
0.00633230127459
0.0102267293493
0.00692721369092
0.0169668822543
0.0323801757959
0.0198814210496
0.00628923756633
0.0139968797054
0.0560866580342
0.00736872322691
0.00620642469398
0.00465866694824
0.129097592557
0.0350612538791
0.0213266764923
0.00544479101177
0.00631797235769
0.186352645409
0.0348787105551
0.0619276885287
0.0569433094401
0.284565611287
0.00550859874741
0.00522853607391
0.00817896218291
0.0366149485096
0.00633230127459
0.00715804967647
0.0223921790031
0.00730814809945
0.00633230127459
0.139312994656
0.0462029606704
0.182276118754
0.0294753785195
0.0193819648623
0.00558674648327
0.0365103651118
0.0133792118672
0.0372393323725
0.0140582099958
0.00843420238367
0.0121780892448
0.00875400477019
0.00979076970158
0.00490887224398
0.0372393323725
0.0237427944086
0.0133362769781
0.00930828354716
0.107200060421
0.0691582693234
0.0302470823142
0.0348787105551
0.0132911103002
0.00679173182474
0.0240911771118
0.00490770940357
0.0197029936739
0.00620642469398
0.0577769297481
0.0092044684666
0.0118688506171
0.0181636960223
0.0199714818473
0.0115194369769
0.00877492055853
0.0158394368913
0.0192828992565
0.0226744132703
0.0111373313922
0.00969318369012
0.0172940893069
0.0169944171197
0.035231475115
0.270648848291
0.0144756798419
0.00684959618818
0.00893108615412
0.0197029936739
0.015192474396
0.179304851687
0.214915120267
0.0400972743593
0.0106125588046
0.036299922728
0.00715181762028
0.0589520425954
0.00613101971343
0.0416290945826
0.0110250156508
0.148207043631
0.017544008442
0.0919629916049
0.0328461965205
0.0323801757959
0.0229555609677
0.00571539980545
0.00893108615412
0.0141604066837
0.0237427944086
0.00696521292004
0.0328007005255
0.0337392734793
0.0632425449029
0.231939513335
0.0498312793431
0.0903024955491
0.0750869479553
0.245993344445
0.0258339226962
0.0457123286221
0.0116965317268
0.0131302434533
0.0231424023927
0.00628923756633
0.0147615727806
0.0575599776781
0.139312994656
0.0406311187898
0.0240911771118
0.0323801757959
0.0308084655043
0.00661921120449
0.0279568246531
0.0200501399067
0.0416541788892
0.0183856258903
0.0107371768781
0.0313127775604
0.0232108049103
0.0102276694531
0.259057876129
0.0733245423998
0.0104027361002
0.0506858520555
0.0174958816411
0.0664045065444
0.0139255623364
0.0494852718209
0.0201802205703
0.0229830094863
0.00675494208373
0.00597092905699
0.0165178210902
0.0062489249312
0.0515092539095
0.105082775527
0.00455436915201
0.0156052683561
0.0148500352299
0.0140005370591
0.0354699200756
0.166966646912
0.00571539980545
0.00909633872004
0.0140582099958
0.0147945263853
0.202277436371
0.0103422884289
0.193491071493
0.0135222114037
0.0328007005255
0.10786157949
0.00929635292634
0.00516264319323
0.018537166789
0.00684413136729
0.0372393323725
0.00596416793702
0.0273585207957
0.197218943889
0.00620642469398
0.0140582099958
0.0876271386342
0.0274950746112
0.00753977917564
0.216525539641
0.0171628313483
0.00496069220506
0.00617870698182
0.00628923756633
0.245993344445
0.0655545736284
0.00620642469398
0.0240911771118
0.0828436016872
0.0140582099958
0.00767235346826
0.0201802205703
0.00490770940357
0.0140582099958
0.0460136274972
0.00729536987216
0.00620642469398
0.168922288105
0.123150022673
0.00620642469398
0.123150022673
0.0250401690315
0.0174475538716
0.0838338764425
0.00682704672843
0.0303962002951
0.0273424020696
0.0849614392658
0.0110250156508
0.0140582099958
0.0090164452719
0.0140582099958
0.00620642469398
0.0140582099958
0.0135236193457
0.101092136326
0.0375399454665
0.0575988884762
0.081587941774
0.0303195551735
0.182461604786
0.0327601214978
0.0323801757959
0.00995231670444
0.00817044436608
0.00893108615412
0.0109014049063
0.0158361743898
0.0181164319723
0.0226860297702
0.0169944171197
0.00848752324287
0.0340510754604
0.00451896591108
0.0116723091999
0.0125388375328
0.0121780892448
0.00830561914455
0.0179635644416
0.00810543894832
0.00706309707476
0.0140582099958
0.00789879415085
0.00487428630963
0.0365103651118
0.0620509721239
0.182276118754
0.0132717403512
0.0252346646647
0.00711142163855
0.0140582099958
0.0170318679277
0.13679727283
0.00743580734634
0.00483142557174
0.157182936595
0.0110250156508
0.0456869410299
0.00835823176738
0.0328007005255
0.0092044684666
0.0062489249312
0.017523680381
0.00430408398561
0.00501995766893
0.00969967586271
0.0232228038932
0.0110416514668
0.0116388823736
0.00661371547737
0.0212448027459
0.235096717768
0.00694181401928
0.0196106693956
0.00628923756633
0.044473450192
0.00982851492368
0.182276118754
0.00700746490149
0.0937344594335
0.0067455649045
0.0112967461992
0.0206057855478
0.00881486604373
0.0284681986167
0.00901800201347
0.03301926179
0.0062806834953
0.0240246250601
0.243668887835
0.0140582099958
0.0121469942507
0.0101047062955
0.0103412564433
0.0133259378918
0.0110250156508
0.0103932514683
0.00510040024459
0.0113004294924
0.0144104663917
0.0218445349652
0.0101259454177
0.039896518766
0.299458146942
0.00620642469398
0.148207043631
0.0199324517167
0.164196981935
0.262648784868
0.0117625748536
0.0798562264563
0.00620642469398
0.0123131738144
0.0121780892448
0.0260848150827
0.00823053444738
0.00848277050077
0.0179961619308
0.0086756870586
0.0892437524854
0.234026061909
0.0133362769781
0.0161454547142
0.0140066051529
0.0109968320877
0.0106027943315
0.0140582099958
0.00633230127459
0.0340435805267
0.00737060965811
0.0166421232113
0.0982723797152
0.0498646117881
0.0123317333877
0.00558674648327
0.050424553462
0.0197029936739
0.00696521292004
0.240117301379
0.0154057823631
0.0101047062955
0.0449356000636
0.00958512379157
0.0120777696576
0.0167374440483
0.0125582677449
0.0174958816411
0.00551005018086
0.00532179532951
0.249026474504
0.0237427944086
0.0198039656147
0.0663257413793
0.00892964216351
0.155267780657
0.0248088490469
0.0093293604773
0.00781887524267
0.216525539641
0.0136590331292
0.0281340907649
0.0174791777091
0.00571539980545
0.0175490719179
0.00620642469398
0.00558674648327
0.0203064680952
0.0472548293973
0.0260720977216
0.0163893720835
0.0381297460619
0.00516171835887
0.0338168483871
0.00715804967647
0.162478887406
0.0101107687928
0.162262187902
0.00848277050077
0.0140582099958
0.0062489249312
0.00579169907235
0.0593664602541
0.0598441384013
0.132290713034
0.767291942475
0.0177295237753
0.0169944171197
0.00620642469398
0.0498646117881
0.0189494003651
0.162478887406
0.0062489249312
0.00626087055553
0.0276158285189
0.109794874384
0.245993344445
0.0072070191752
0.0765075497225
0.00563004246703
0.0267592740611
0.0704491212769
0.0209284172712
0.0146899711002
0.00947946856967
0.00487428630963
0.0230873725002
0.011795458318
0.0140582099958
0.0169944171197
0.0165132642864
0.00840598895702
0.184542050443
0.00696521292004
0.0144104663917
0.0369413586383
0.0589945481416
0.041084932752
0.0222135159804
0.0223921790031
0.0188191335829
0.0154394812324
0.00837001255983
0.00628923756633
0.233375857246
0.0483054898546
0.0323801757959
0.0328007005255
0.0057545570819
0.0148375206391
0.0104180951841
0.0219494363944
0.0372096861169
0.0107687830397
0.00768939535403
0.0629538999998
0.0209659472103
0.00696521292004
0.00571539980545
0.00696521292004
0.00875400477019
0.138826747391
0.00547914134015
0.0125992248075
0.0141096907393
0.0165527504841
0.0378046193866
0.169457913808
0.0051929394484
0.0691582693234
0.0135525630623
0.00805532939172
0.00620642469398
0.00751790262651
0.00706387813446
0.0218445349652
0.0158920377638
0.00939057578177
0.0121011273633
0.0172288528174
0.0133362769781
0.00789879415085
0.0110250156508
0.0819851041573
0.00454251718447
0.0146785199168
0.00875400477019
0.0400513602793
0.12707493333
0.024865750341
0.0291800412609
0.00934016031428
0.180409684435
0.273137731351
0.0303118354764
0.00623693484139
0.00909633179996
0.0080682612459
0.0297651910524
0.00703576895281
0.0096430952446
0.0223044597927
0.0226345350253
0.0343812996429
0.088032062143
0.00620642469398
0.00824871586122
0.0558212456113
0.0619813338932
0.0323801757959
0.00851524787409
0.039292149758
0.0101714145936
0.00976837520701
0.00628923756633
0.0393146468449
0.00761315157334
0.00487428630963
0.0361041823245
0.12707493333
0.00620642469398
0.0223044597927
0.00875818832884
0.0136333436534
0.182461604786
0.00553727895296
0.0760387805386
0.0109968320877
0.00717024979155
0.00628923756633
0.088451256098
0.0323801757959
0.0166660869026
0.0248162623144
0.00716029634457
0.0487929449431
0.00800567430149
0.0348787105551
0.0281340907649
0.0102735106521
0.00778479226165
0.0186583284555
0.0305052859391
0.0367347824216
0.00620642469398
0.00898363440037
0.0129972396986
0.139312994656
0.0196106693956
0.0323801757959
0.0140582099958
0.0264427621077
0.00620642469398
0.00808467888155
0.0199903316726
0.00587859149212
0.0316012865242
0.143317381888
0.0321920459077
0.163803500559
0.0143821816371
0.00864419458502
0.0103067098273
0.0328007005255
0.0150940939732
0.00628923756633
0.182276118754
0.0202870752313
0.0136590331292
0.0452786056647
0.00620642469398
0.0103547743065
0.010163250888
0.162478887406
0.00716724075208
0.00781315324448
0.0320467671504
0.00571539980545
0.0109170613783
0.017681662238
0.0335972697241
0.00487428630963
0.0574065588522
0.0223044597927
0.00633230127459
0.0244436469162
0.166185914687
0.113452127494
0.182276118754
0.00875400477019
0.0691582693234
0.0243998990909
0.0140582099958
0.145537425465
0.0362054237085
0.0526005371452
0.0100303580585
0.0141231885424
0.0108366616107
0.00727361151076
0.0101047062955
0.160705363761
0.0115940140692
0.00650473967346
0.0626245602525
0.0140582099958
0.0140582099958
0.110145406864
0.277618527509
0.00571539980545
0.0118638586524
0.0948079202779
0.0240070570776
0.019706017277
0.0346383015608
0.180409684435
0.0199903316726
0.00875400477019
0.0105193644246
0.00750670344068
0.0276040825923
0.148207043631
0.00817044436608
0.00706387813446
0.102553898877
0.0081317146898
0.00728779187009
0.00722850579077
0.116634780786
0.0110250156508
0.0050451682462
0.0365103651118
0.00669931074177
0.00700374591427
0.239250610646
0.0162849234572
0.0169944171197
0.276406423737
0.00620642469398
0.00715804967647
0.00494063957258
0.0080682612459
0.00700746490149
0.0121780892448
0.00519778679564
0.0108268255211
0.242496305644
0.0199622750816
0.0039629637154
0.0164549850997
0.00430408398561
0.0298806612593
0.060654374172
0.00775476702282
0.0611494902811
0.276168364999
0.00669931074177
0.015062575977
0.0199622750816
0.0155442814978
0.0113539325986
0.00666074097486
0.0134064084431
0.00547559449467
0.0367347824216
0.00935504413184
0.00875400477019
0.0181111873315
0.0125898392844
0.0110250156508
0.0109968320877
0.0767148285486
0.0207051020399
0.00628923756633
0.0442577452363
0.0206382229752
0.0574052898885
0.0110250156508
0.0169944171197
0.00589301237059
0.0121780892448
0.00620642469398
0.0458453396287
0.00672219662771
0.00430408398561
0.0357043861162
0.00490402475406
0.00975588750095
0.0103216812699
0.0601125864282
0.0043397903712
0.00701986872365
0.0237427944086
0.00786341220391
0.240117301379
0.00698021626227
0.00696521292004
0.0244751884134
0.0136590331292
0.0102451406088
0.0237427944086
0.0254195840126
0.017047986539
0.0106428484144
0.00861268338269
0.0146460230676
0.00579169907235
0.0626245602525
0.0140582099958
0.204313707017
0.041309290564
0.00752703442336
0.00441898068984
0.00471184083213
0.139312994656
0.0103824868745
0.00938760248479
0.0104894478889
0.0121469942507
0.00848277050077
0.0222655106188
0.013829789246
0.00553727895296
0.0198546471674
0.00817044436608
0.123150022673
0.0228385655793
0.0140582099958
0.00433697946527
0.0203028627353
0.371180892297
0.00620642469398
0.00887050681371
0.0109919453201
0.0381120085294
0.262718034759
0.105828403816
0.0383579444258
0.00875400477019
0.0136590331292
0.00620642469398
0.0052103490753
0.0110699486109
0.0174846134948
0.0116268897416
0.0140672006491
0.0323801757959
0.0629538999998
0.0403217756575
0.0116888533699
0.00993161620462
0.0204484592348
0.0090013201416
0.0757990289557
0.103803866343
0.03037192155
0.0431513417317
0.0111159843855
0.0389506511431
0.0176613888716
0.23555689731
0.0302697400134
0.0107458655951
0.0285128928528
0.0057545570819
0.00895898039357
0.00875400477019
0.0937344594335
0.00633230127459
0.00839243895008
0.0186587219206
0.00875400477019
0.010949815486
0.0601478256515
0.745335375974
0.0169944171197
0.0154450913952
0.012113869091
0.0169944171197
0.0110466521984
0.0124191327621
0.0372697859723
0.00512749286361
0.0857223161345
0.0135587156409
0.00573354050782
0.180409684435
0.0169944171197
0.0084797053317
0.00818206613241
0.0110250156508
0.0578561640948
0.0348787105551
0.00814593442834
0.0228019587309
0.00667912747289
0.0337499883396
0.0328007005255
0.00786341220391
0.00996876963716
0.0340046888244
0.0372393323725
0.0382187739556
0.0116888533699
0.273137731351
0.00721673615524
0.0197029936739
0.0258885030786
0.0126058839552
0.235096717768
0.00700746490149
0.0165196787237
0.00628923756633
0.0199622750816
0.0139088335681
0.0110250156508
0.0052460644112
0.104861999694
0.0118439469462
0.00661371547737
0.0576638275993
0.0114307665013
0.00953870047686
0.0115194369769
0.211043193617
0.00665898606454
0.0070580784643
0.00571539980545
0.00836426364222
0.213144129134
0.00976609135528
0.0101558016906
0.0248929341372
0.0322538810337
0.00620642469398
0.0172167411105
0.0340134036586
0.0110250156508
0.0109968320877
0.00572733713844
0.00875400477019
0.0218673768796
0.0518568652335
0.0165132642864
0.0144601148919
0.0070580784643
0.0077326093539
0.0135755675309
0.0185738794344
0.00789879415085
0.0122637524817
0.00620642469398
0.0144104663917
0.00901649651038
0.0603211130014
0.0066337208704
0.0240875990896
0.00875400477019
0.0164216777253
0.00620642469398
0.0090013201416
0.0393146468449
0.010100598814
0.328541755592
0.0137674102836
0.0116514016268
0.00438894595365
0.00715804967647
0.0133057620298
0.0110250156508
0.0140582099958
0.0193431363612
0.0115294127437
0.0240911771118
0.164196981935
0.0043397903712
0.0136590331292
0.00579169907235
0.0140582099958
0.243354230237
0.0140582099958
0.0102832778824
0.0240539330957
0.0072874292241
0.0166421232113
0.0231513054618
0.00487428630963
0.261026429912
0.00558674648327
0.0129628372847
0.00628923756633
0.00790215911865
0.0338460016432
0.007174455361
0.00792183287913
0.00797383208102
0.174307337521
0.00460146409305
0.23284342981
0.0589520425954
0.0043397903712
0.0092044684666
0.0141850226657
0.00853875877422
0.204313707017
0.0633419337591
0.182276118754
0.0243634784255
0.0140582099958
0.0136590331292
0.0797808506272
0.0199622750816
0.0115169210916
0.00818404505856
0.0108972695439
0.00653445937698
0.00456415325117
0.00887050681371
0.00669931074177
0.0129972396986
0.00786341220391
0.0240911771118
0.00887050681371
0.0133362769781
0.0356054958592
0.0133362769781
0.0140582099958
0.0341402347004
0.270648848291
0.0273204111841
0.0135236193457
0.00718083014473
0.0243522399954
0.0103216812699
0.00729611524703
0.35388129307
0.00875400477019
0.242496305644
0.00487428630963
0.0382322598565
0.154668561564
0.0704048625624
0.0130600108575
0.0152237362135
0.0784459068682
0.0202459201604
0.00652665813817
0.00875400477019
0.0147274787894
0.00577920118242
0.0110250156508
0.00658073940497
0.0201802205703
0.0221079315109
0.00490770940357
0.00844765464987
0.0131235108393
0.0125922318637
0.0060847116288
0.0187018090641
0.00477873967613
0.00710636893731
0.113452127494
0.0200970674629
0.0115194369769
0.0136590331292
0.261478382311
0.00633230127459
0.00669931074177
0.0515488358416
0.0175048638325
0.0110250156508
0.0260733993591
0.0080630618925
0.0121469942507
0.00620642469398
0.0344297299727
0.0092044684666
0.011369831503
0.0102824193305
0.0109269762868
0.0189542072524
0.0183272057283
0.0240911771118
0.0136590331292
0.16302353094
0.162478887406
0.0317092655061
0.00759379890852
0.0217720585805
0.0102623923619
0.0357043861162
0.0526005371452
0.00628923756633
0.00698931462507
0.0274651090733
0.0169944171197
0.0079849329881
0.00620642469398
0.00620642469398
0.0444425500182
0.053872520168
0.0125937701688
0.00667399499098
0.0110250156508
0.148207043631
0.00701287250632
0.0115194369769
0.0247527138669
0.0140582099958
0.0223361577968
0.028580352238
0.0256902585474
0.0169332911537
0.0215239280938
0.00746530104936
0.00523530825502
0.0336150773145
0.0256902585474
0.0282536831345
0.00861169220665
0.0123520433466
0.0136590331292
0.0229555609677
0.0196096206992
0.00989319990567
0.0107520609133
0.180409684435
0.013935766874
0.0416136377617
0.00616833280122
0.0113947967114
0.00547110590157
0.00620642469398
0.102640098614
0.0111957395444
0.00628923756633
0.20607662827
0.00448817834559
0.00402327554655
0.00744414384051
0.132290713034
0.00570838225508
0.00875818832884
0.0140582099958
0.044874810931
0.0526005371452
0.00711220800385
0.00901649651038
0.00762433681628
0.0157265425204
0.0234138837281
0.00620642469398
0.0043397903712
0.00901649651038
0.00789879415085
0.0179396673206
0.0352331880085
0.0415352076437
0.00993161620462
0.00579169907235
0.0110250156508
0.0080630618925
0.0140582099958
0.00875400477019
0.0062489249312
0.0133362769781
0.0264511502836
0.00875400477019
0.0140582099958
0.0237427944086
0.0237427944086
0.0140582099958
0.0293999168734
0.0103676294249
0.0768295401795
0.00902290880627
0.0136590331292
0.184542050443
0.0234138837281
0.0678392800594
0.00989073863602
0.0134671737339
0.00571539980545
0.0072070191752
0.180409684435
0.249026474504
0.020622294787
0.00824871586122
0.0369824789489
0.125148008743
0.0110676871442
0.00730814809945
0.0145792106857
0.0043397903712
0.0121104657383
0.018664127936
0.0617117984262
0.0323801757959
0.00487428630963
0.0165557140356
0.0372393323725
0.00815834397304
0.0067886553109
0.0169944171197
0.0122600910399
0.0109303629498
0.00344026993631
0.0077326093539
0.0197029936739
0.039180256659
0.0444203948099
0.00620642469398
0.0197123470951
0.0158473744143
0.00706387813446
0.0365103651118
0.0299028093995
0.162478887406
0.139312994656
0.02221897988
0.00628923756633
0.0998743593346
0.166966646912
0.0065089380074
0.0589676326118
0.0323801757959
0.00571539980545
0.141594394203
0.010549864265
0.00628923756633
0.0140582099958
0.0197029936739
0.0140582099958
0.0482860725139
0.0088137955586
0.0174210261395
0.0163988710449
0.00915374443617
0.00738200235777
0.0985900351191
0.0273424020696
0.0124289813413
0.0105230580447
0.0519294280101
0.18844118039
0.00868411387844
0.0103547743065
0.0187824357998
0.0227178258061
0.077330254091
0.0101047062955
0.102914108224
0.023080764826
0.0529018965867
0.192581122735
0.0121780892448
0.00522372633672
0.0103207633328
0.0266153078184
0.0284244402631
0.0237427944086
0.0132180875771
0.0140582099958
0.0223361577968
0.00826319399643
0.00887050681371
0.148207043631
0.0124520956633
0.00490770940357
0.00875400477019
0.00938533816919
0.164196981935
0.0301289061682
0.0062489249312
0.257329103704
0.0185965512732
0.011572691348
0.196400786307
0.0216762820299
0.00753622586471
0.00620642469398
0.00906625696296
0.0200069477749
0.00875400477019
0.0229830094863
0.269946133875
0.0233395423627
0.00620642469398
0.00571539980545
0.00749904387192
0.0632682242633
0.00652837840397
0.00620642469398
0.0115194369769
0.00893108615412
0.016952676555
0.053872520168
0.0357043861162
0.00789879415085
0.0968054081627
0.0121780892448
0.00887050681371
0.0232287530173
0.022373018609
0.0136590331292
0.00957292417268
0.0319013203357
0.0119475462045
0.0169944171197
0.0128762000397
0.00902715995485
0.00583137602358
0.00436956450725
0.0775151178128
0.0280114009368
0.0109968320877
0.186762270227
0.00568860568624
0.0388286240222
0.0908182008357
0.018537166789
0.00577920118242
0.00652587128915
0.00700746490149
0.00857678196181
0.00669931074177
0.011669666292
0.00875400477019
0.00944728476642
0.0074497600465
0.0096522119759
0.0357043861162
0.0239302873695
0.0229830094863
0.0421140795613
0.0173364334145
0.050321604033
0.0110250156508
0.243668887835
0.0293402225164
0.0140582099958
0.00475318973193
0.444769555492
0.149628618059
0.0080630618925
0.0127723630753
0.0232483645551
0.022795194517
0.0198808484054
0.00451896591108
0.0444763140033
0.00639735957266
0.0372393323725
0.0169944171197
0.03181768491
0.00763090420444
0.0240539330957
0.0101047062955
0.0125483666033
0.00628923756633
0.0214297092654
0.00620642469398
0.00530587166329
0.179304851687
0.15394760089
0.00887050681371
0.0156193132429
0.00802918754128
0.0177970879147
0.0209706345721
0.0111755559367
0.00490770940357
0.00920688799607
0.0109923846433
0.0762883096086
0.00628143525716
0.00747465546648
0.0328007005255
0.00706387813446
0.0707238408626
0.0601125864282
0.00620642469398
0.00451896591108
0.00875400477019
0.00679339168652
0.0104280872257
0.00715181762028
0.00673935090371
0.0251769828561
0.0100985505289
0.0213271070532
0.0160825869454
0.0112111426451
0.0454894392045
0.00490770940357
0.0834316087225
0.00620642469398
0.00701241084464
0.00522853607391
0.0417831436007
0.00772276694436
0.0168593453
0.0148192414653
0.00571539980545
0.835565894874
0.0110181201444
0.0197029936739
0.00550859874741
0.0393146468449
0.0350105744869
0.00633230127459
0.0168852071259
0.0154345769002
0.00936574196663
0.0507674063468
0.0323801757959
0.0839876570399
0.0133362769781
0.0144348201139
0.00628923756633
0.0372393323725
0.108011360531
0.0062489249312
0.0228702100344
0.0321927440206
0.0374344400657
0.00582472466773
0.115083884944
0.0121469942507
0.0145287912463
0.00487428630963
0.0419750952953
0.0102410190125
0.0205906839554
0.03301926179
0.0121780892448
0.0323801757959
0.204516009972
0.00989824212348
0.00651149743584
0.0274677664452
0.00699241005624
0.0186642109919
0.180409684435
0.0273585207957
0.0820452579838
0.144630416409
0.00990109464687
0.00935294412069
0.0157736835716
0.0237427944086
0.00908426536792
0.0922359921546
0.00875400477019
0.0174791777091
0.235756729735
0.00697163078292
0.0379165654948
0.0102389983745
0.0323801757959
0.0074078634307
0.0323801757959
0.0870352804812
0.0223044597927
0.0135587156409
0.0303669910633
0.0427370151971
0.0294189983946
0.0135236193457
0.0207051020399
0.00620642469398
0.120162069432
0.0045653586262
0.0074078634307
0.0182552546107
0.0599152812173
0.006902231789
0.211043193617
0.0145930775521
0.00887050681371
0.0169944171197
0.0632425449029
0.00912285132078
0.240117301379
0.00718566824939
0.0227043773993
0.211043193617
0.282816086516
0.00487428630963
0.00620642469398
0.0115194369769
0.0176828309478
0.0103813750504
0.0431513417317
0.0323801757959
0.023861932706
0.0188253891762
0.00620642469398
0.0229871168616
0.0281340907649
0.0159997951454
0.0106707981581
0.0224230003718
0.00676820470433
0.0691582693234
0.00471064506434
0.0819277173623
0.00989938093733
0.0192144004509
0.0066337208704
0.0070580784643
0.00436956450725
0.017523680381
0.00490770940357
0.0043397903712
0.0195228873361
0.00706309707476
0.00490770940357
0.0140582099958
0.0222224970999
0.00839718220532
0.00530790054719
0.0108844049684
0.00998898585872
0.0110250156508
0.0124289813413
0.0117846422159
0.0109968320877
0.00558674648327
0.0057545570819
0.0221183419986
0.00579169907235
0.0187622467073
0.00888311544119
0.248788346248
0.0393825335757
0.0140582099958
0.0144721284492
0.00663292120016
0.0601125864282
0.0109299139453
0.00779051152201
0.00888311544119
0.00571539980545
0.10786157949
0.012307989992
0.0155369027801
0.0391819126982
0.0110250156508
0.0340134036586
0.0240911771118
0.00875400477019
0.242058447695
0.0629538999998
0.00762433681628
0.0275501688894
0.00901682281149
0.015192474396
0.0244538688265
0.00661688855432
0.00493373772429
0.129101756967
0.0128002454895
0.0110152284833
0.0140582099958
0.100269804875
0.00620642469398
0.0234814917618
0.0101681829955
0.215862443937
0.0363236074417
0.00633230127459
0.0109908120325
0.0140582099958
0.00620642469398
0.0121469942507
0.0110250156508
0.0121469942507
0.01004432807
0.00620642469398
0.00935504413184
0.0351064619623
0.0340596756563
0.00441570174494
0.0284092222659
0.0105852033529
0.0314037990569
0.0360525350227
0.0125621612001
0.0515488358416
0.00490488932543
0.00577920118242
0.0624314665933
0.0202441709568
0.0081179345706
0.0093293604773
0.0121780892448
0.182461604786
0.164196981935
0.0278849231506
0.561146477016
0.0280783856843
0.0103088263456
0.00818404505856
0.119412376655
0.0039958515474
0.0169332911537
0.0236313393247
0.00628923756633
0.0189164726647
0.302102224137
0.0057545570819
0.00601996578558
0.0302697400134
0.0232392367747
0.0110250156508
0.0632682242633
0.0110250156508
0.0116723091999
0.0286023147634
0.180409684435
0.0110755052769
0.0117517960102
0.0166948315668
0.00817044436608
0.0486157939817
0.0119843232469
0.0174497577314
0.034978035971
0.0140662433055
0.0273814905528
0.0343093919124
0.0985900351191
0.00875818832884
0.0365712431939
0.0135755675309
0.034978035971
0.182276118754
0.155940902943
0.131846112795
0.0469726608091
0.0262952607217
0.0432711246494
0.0427092356663
0.00628923756633
0.00571539980545
0.0769909389014
0.00558674648327
0.0154047249226
0.0121780892448
0.00896102949576
0.00633230127459
0.0691582693234
0.0281340907649
0.0539069267504
0.00928206038479
0.148207043631
0.00888311544119
0.0310061921856
0.0323801757959
0.0282226135785
0.00645803426964
0.242496305644
0.0594908772186
0.0108925659533
0.0045653586262
0.0169332911537
0.00893108615412
0.0115194369769
0.0103181505632
0.0121780892448
0.033272565397
0.00628923756633
0.0736757925998
0.0431513417317
0.182461604786
0.0285936775219
0.0629538999998
0.00696521292004
0.00583137602358
0.0115194369769
0.0377205034153
0.176430855225
0.0328007005255
0.00696521292004
0.0103903663106
0.00517952216314
0.0309427261508
0.0188362579783
0.0218076743265
0.0107783813717
0.0121469942507
0.0819649482055
0.0109968320877
0.0121780892448
0.0221383438282
0.302102224137
0.0201802205703
0.0372393323725
0.0227112033669
0.00620642469398
0.0239923034215
0.00620642469398
0.00620642469398
0.270648848291
0.0090013201416
0.0263841765505
0.00830561914455
0.0110250156508
0.0617909589461
0.00650937588864
0.10786157949
0.0678317926683
0.0703757180338
0.0070580784643
0.0115194369769
0.00701287250632
0.090523600006
0.0140582099958
0.00875331591078
0.00802081153141
0.00953347847132
0.0217053676066
0.041305561121
0.0294362175814
0.0223361577968
0.0340046888244
0.00797441185715
0.03090362528
0.124051723656
0.00944728476642
0.0221909500535
0.031142130942
0.00633230127459
0.0330593203281
0.0373335971334
0.0149793896143
0.0160478218397
0.0048145026045
0.0183623863579
0.196400786307
0.0293203690577
0.00490770940357
0.00918311299062
0.0135236193457
0.0123174687448
0.0174230455064
0.0468739931115
0.00428956526609
0.00487428630963
0.0275500837564
0.181877947928
0.0323801757959
0.0062489249312
0.0109695367383
0.0080630618925
0.0256602151769
0.0249257395866
0.0237427944086
0.0128762000397
0.029910860697
0.0828436016872
0.0102389983745
0.00460530023545
0.00558674648327
0.00696521292004
0.0341988376399
0.0043397903712
0.0148356821745
0.0115194369769
0.0145287912463
0.00635205691182
0.277618527509
0.00577920118242
0.00493361255833
0.00669931074177
0.0126348929359
0.0133259378918
0.0133362769781
0.0628013987959
0.10786157949
0.0308068059689
0.00706387813446
0.00522853607391
0.00924457851099
0.0267462744377
0.158759915748
0.123150022673
0.0379775177514
0.022305110261
0.00633230127459
0.262648784868
0.00875964573397
0.00790215911865
0.0066337208704
0.00692721369092
0.0121780892448
0.0240539330957
0.00620642469398
0.00620642469398
0.0198062629768
0.0337031347706
0.0376408375332
0.0233652523435
0.0247092942421
0.00701287250632
0.00626501647772
0.0204403690286
0.195671451409
0.0323801757959
0.136777857508
0.00967279282061
0.0255937552786
0.00795645485267
0.043177326716
0.00759230847268
0.249026474504
0.0803274923295
0.0269997633967
0.00579169907235
0.00830561914455
0.0135587156409
0.0323801757959
0.074614727808
0.0362053347568
0.0133362769781
0.162236192572
0.0148313232773
0.11327907514
0.00620642469398
0.00462449841045
0.0169332911537
0.0181903773198
0.00579169907235
0.0043397903712
0.0105449568861
0.0397432844453
0.229025294208
0.276406423737
0.00628923756633
0.0837669166443
0.0385974187921
0.0115267892917
0.0127849224957
0.0223044597927
0.186762270227
0.093991293929
0.0526005371452
0.0107814729582
0.00818206613241
0.0393825335757
0.0173506108697
0.0175366913364
0.0043397903712
0.143317381888
0.0589945481416
0.034978035971
0.0251163752279
0.00901649651038
0.00933078445405
0.148207043631
0.0131066138971
0.00588944360199
0.0985900351191
0.0229358786583
0.0212024191808
0.0140582099958
0.0166248025937
0.21177339873
0.00962384526429
0.00490770940357
0.00669931074177
0.00625395326151
0.0526005371452
0.0292979415744
0.0361041823245
0.213144129134
0.0647187626935
0.0140582099958
0.0187009590095
0.256537396138
0.00944478912135
0.0498764415107
0.0336207245703
0.188156615084
0.00934792572671
0.0653268828835
0.0133362769781
0.0115194369769
0.0245779503422
0.0043397903712
0.0140582099958
0.0087186755283
0.0113448307755
0.00734900919703
0.0884316152842
0.255511146274
0.00841951562185
0.00875964573397
0.0219067815422
0.0132911103002
0.0968054081627
0.0140582099958
0.0145529577817
0.00625188554494
0.00451896591108
0.00628923756633
0.0308002494394
0.0478723277362
0.00490770940357
0.0967130693403
0.00865134398165
0.0237427944086
0.0136590331292
0.00487428630963
0.00838932268615
0.139312994656
0.017523680381
0.0298806612593
0.0140582099958
0.0129972396986
0.0140582099958
0.0254186762142
0.0158070603518
0.00751790262651
0.296144677813
0.0115194369769
0.0062489249312
0.0136710853059
0.00490770940357
0.00875400477019
0.0109968320877
0.0328007005255
0.0110250156508
0.0116452569199
0.00710636893731
0.0136590331292
0.0313825877056
0.028485035062
0.15567254449
0.0423598451493
0.0110250156508
0.00628923756633
0.171129278442
0.0245786612383
0.00620642469398
0.0331750205935
0.00772311086338
0.0880779984548
0.0668091581038
0.0281340907649
0.0100773103595
0.00753666048832
0.00978827965023
0.0103388272852
0.0190222165887
0.0108268255211
0.0237427944086
0.246700028395
0.00490770940357
0.014011012214
0.0563924763651
0.0140582099958
0.00718786040311
0.017047986539
0.00768156972911
0.0237427944086
0.0144621383801
0.100089753237
0.0142255815606
0.0821791429676
0.0199622750816
0.0507674063468
0.00544673281637
0.00651787310302
0.00498881714613
0.0105230018223
0.00550859874741
0.0137461501467
0.02412029544
0.261478382311
0.0175664410232
0.0108844049684
0.0200743929322
0.0268069905361
0.0115858460553
0.00487428630963
0.0065089380074
0.0140582099958
0.177493172761
0.162478887406
0.00669392073195
0.00661415860361
0.182391324814
0.0199903316726
0.0679112647801
0.0120505462889
0.0727782775925
0.00865979780782
0.00923559572632
0.00628923756633
0.00875400477019
0.00866197224039
0.0348821554296
0.0201802205703
0.00459667318081
0.00966073276648
0.0118194624276
0.0140582099958
0.0384074740486
0.0399998389012
0.0629538999998
0.0223044597927
0.0129223479808
0.00831728338449
0.00789879415085
0.0140582099958
0.249043879095
0.00628923756633
0.0361206248458
0.0322103913273
0.0235919941951
0.0155239093411
0.262228569549
0.0121780892448
0.0169944171197
0.0149225317536
0.0641620228095
0.0371047808823
0.0382268772265
0.0323801757959
0.0194883174632
0.00436956450725
0.0212828066695
0.0252636476276
0.0100461903859
0.0099639943112
0.0237427944086
0.0391819126982
0.057200355469
0.00571539980545
0.0231424023927
0.0211104656114
0.0110250156508
0.0328620140132
0.00875400477019
0.0062489249312
0.00805790379444
0.0132426475149
0.0301691574911
0.0118823215998
0.00875400477019
0.0187650776776
0.0108844049684
0.0136590331292
0.00626518751206
0.0164105706597
0.00645803426964
0.0774576710265
0.0124289813413
0.0361935352866
0.0118125949732
0.0152338311197
0.0043397903712
0.00628923756633
0.0147274787894
0.10786157949
0.0761899979787
0.00798473818435
0.00523002194903
0.0254096418163
0.102615687259
0.00628923756633
0.0258041952121
0.0138383087884
0.0110250156508
0.00696521292004
0.0923069913542
0.00620642469398
0.00789879415085
0.22876892456
0.00875400477019
0.0179221959294
0.0265036968527
0.00583137602358
0.0218445349652
0.00726992493054
0.0323801757959
0.0116888533699
0.0070580784643
0.180409684435
0.0140391509844
0.00858375529374
0.0657777706257
0.0124289813413
0.0062489249312
0.0110250156508
0.0231642969534
0.0267327347602
0.015192474396
0.00744146157651
0.00942534934449
0.0240539330957
0.00633230127459
0.0219666152124
0.00571539980545
0.00633230127459
0.00559172769366
0.0304331304755
0.0369876214476
0.00620642469398
0.00669931074177
0.0240911771118
0.0143800299363
0.00706387813446
0.0371068321127
0.00904464200275
0.0281211027801
0.00725491017721
0.0157620046203
0.0328461965205
0.00436956450725
0.0140582099958
0.00635205691182
0.0080630618925
0.0101551817224
0.00901640145691
0.204313707017
0.0333291900554
0.0051929394484
0.0140582099958
0.0948079202779
0.0103199715272
0.24952245315
0.00814005148899
0.00701287250632
0.089203018696
0.212921094052
0.0230057914497
0.217605127912
0.00997583376392
0.0321110684838
0.0232852366513
0.0237427944086
0.0166421232113
0.0207235575712
0.00508304670153
0.0147814111348
0.175322572031
0.292109605527
0.180409684435
0.0126116037386
0.0110250156508
0.00653440112545
0.0538017446238
0.0218558342092
0.0613095495751
0.0324111037235
0.00762433681628
0.0134433619069
0.235096717768
0.0821918623775
0.0059516976517
0.0756142782829
0.00639298264929
0.0323801757959
0.0136895925554
0.0138617039757
0.0140571356571
0.00702379869658
0.0185194158582
0.0140582099958
0.00706387813446
0.182461604786
0.0241096872424
0.0097355153892
0.0111009665634
0.0323801757959
0.0120682312688
0.00972816668769
0.0194027605651
0.259057876129
0.0100964353943
0.00700746490149
0.00507907302856
0.201337050658
0.0582584304019
0.00598820497953
0.00522853607391
0.0298806612593
0.02744766837
0.0240911771118
0.0818568602312
0.0129131468866
0.0338277318437
0.0169944171197
0.0192098977588
0.0136590331292
0.0113122596767
0.0391819126982
0.104624890765
0.026735328558
0.0116844210455
0.0114412452033
0.0174609155534
0.00588944360199
0.0120990583178
0.103193734709
0.0199490022049
0.00620642469398
0.0391819126982
0.0379705598848
0.0205020189873
0.0223044597927
0.0194537175796
0.0178545496379
0.0241902538904
0.00811872671179
0.0199622750816
0.0158035445654
0.162478887406
0.00875400477019
0.00864724777733
0.0269110440696
0.0282353436429
0.00628923756633
0.0107837202257
0.066470329292
0.0419624431373
0.00817817946431
0.0529487162655
0.00579169907235
0.01957093228
0.007030837619
0.0133362769781
0.02693348511
0.064538174731
0.0107687830397
0.0140582099958
0.226174037706
0.711538756141
0.017523680381
0.0775151178128
0.0196424537658
0.00628923756633
0.0132911103002
0.103448212045
0.0247979883645
0.023157062929
0.0108159359181
0.0230216811454
0.052133148891
0.0103638404604
0.0140582099958
0.0245238388675
0.0912581003281
0.0139036639505
0.0386152015841
0.0251095828857
0.0140582099958
0.0115194369769
0.171129278442
0.0223921790031
0.0139384928052
0.00633230127459
0.0300873026547
0.022335685462
0.00490402475406
0.00762433681628
0.0128115096056
0.0108268255211
0.017523680381
0.0294267301471
0.00490770940357
0.0459805064854
0.0212448027459
0.217605127912
0.0095268515888
0.0539519760646
0.229025294208
0.048893110122
0.235756729735
0.0062489249312
0.00666317326808
0.0129818971207
0.00789879415085
0.264481365412
0.00779433088625
0.0340134036586
0.111936200195
0.0152463056936
0.0119980668714
0.16175309029
0.00628923756633
0.00713871436343
0.00624554058689
0.00694777660865
0.0182933259362
0.0372067241907
0.00620642469398
0.0223044597927
0.0635524851088
0.0390857280598
0.0633100410155
0.0401362755819
0.00487428630963
0.00749104879924
0.0110250156508
0.157182936595
0.00818404505856
0.0062489249312
0.0281340907649
0.00620642469398
0.143814349893
0.00620642469398
0.00451896591108
0.15394760089
0.10786157949
0.0115194369769
0.010253532066
0.0237427944086
0.157957835818
0.0299731904225
0.182276118754
0.164196981935
0.0140582099958
0.0629538999998
0.00881043456707
0.180409684435
0.0072070191752
0.0158473744143
0.0328007005255
0.00704058519499
0.0080630618925
0.0121780892448
0.0080630618925
0.0134720238556
0.0133362769781
0.00875400477019
0.0176867511795
0.0187611234265
0.00701986872365
0.00595911170428
0.0219241267406
0.0104027361002
0.107279944365
0.0107517047686
0.0175108162601
0.0132110597672
0.00732623803717
0.0760387805386
0.0115194369769
0.0136590331292
0.00490770940357
0.0169948125594
0.0366795372247
0.00490770940357
0.00734917450338
0.0210398211015
0.0323801757959
0.101894170579
0.182276118754
0.112193732529
0.0240911771118
0.0105823818211
0.0202952757791
0.029380702914
0.00587527914917
0.0320696339909
0.229025294208
0.00588944360199
0.0230022287232
0.0255924750816
0.168529511495
0.00639301907538
0.00510040024459
0.0136590331292
0.0197029936739
0.0270322974835
0.182276118754
0.0328007005255
0.00689519371799
0.0102651355031
0.011133667608
0.0281340907649
0.249026474504
0.0195430705493
0.223981227219
0.0230745332488
0.0704532660132
0.0133362769781
0.0121780892448
0.0249139382565
0.00813493985714
0.0281206953093
0.00620642469398
0.0857299362664
0.0080630618925
0.0316880181234
0.0140582099958
0.010469222851
0.0520450697228
0.0535451780338
0.221595051723
0.0130648902535
0.025346631021
0.0075698329464
0.202277436371
0.00696521292004
0.0157965284497
0.162478887406
0.0792495946164
0.148207043631
0.0237427944086
0.00773672692791
0.130684375853
0.00738200235777
0.0218776685656
0.0606035856873
0.0403586810652
0.0115194369769
0.182276118754
0.00875400477019
0.0110250156508
0.0192941037886
0.00521050321657
0.0269657884362
0.0111094228118
0.188058271007
0.0070580784643
0.0596963688449
0.00661688855432
0.00620642469398
0.0249102124954
0.0192994939663
0.12707493333
0.099871420993
0.242707680522
0.0882711061779
0.0306844245926
0.0347122148444
0.00628143525716
0.0108547791785
0.00628923756633
0.00706387813446
0.0101050693797
0.0136590331292
0.00700746490149
0.0175191653642
0.0515488358416
0.0357043861162
0.0121469942507
0.00860043190946
0.180409684435
0.0214997247745
0.0121780892448
0.0118257796299
0.0599453717426
0.00813604375332
0.0230022287232
0.00566500300933
0.10786157949
0.0165132642864
0.0150199566433
0.0831146028742
0.0439100678493
0.0574668669996
0.0119885668223
0.00571539980545
0.190197578597
0.0134671737339
0.0109842718118
0.139312994656
0.00701986872365
0.11131532985
0.0192518744918
0.0374561453426
0.00774884551609
0.0143570409562
0.0380282131229
0.0100150587617
0.0432433432741
0.00628723160427
0.184542050443
0.00780612103086
0.00796826317106
0.0184258744214
0.0287493838768
0.0394874973084
0.00487428630963
0.0119822439678
0.0109340896114
0.0110250156508
0.041282720788
0.136777857508
0.148207043631
0.0419482536726
0.0100845903436
0.0310651819998
0.0110250156508
0.00501440030533
0.168735826674
0.0276708522751
0.00515498250898
0.0365103651118
0.00887329536263
0.0169944171197
0.0229830094863
0.0115194369769
0.00617380047782
0.10786157949
0.0240911771118
0.00620642469398
0.226174037706
0.0274048123839
0.00888311544119
0.00797395944385
0.00706387813446
0.0226144294843
0.0114719373247
0.00550859874741
0.0268178791997
0.0117128918623
0.00835571178062
0.0542587423907
0.00620642469398
0.00633230127459
0.0323801757959
0.0223361577968
0.0082435991974
0.0510957673148
0.0353823880873
0.0344470557902
0.0187026876639
0.0080630618925
0.0509946942403
0.0209244062579
0.0205879032093
0.011596950282
0.0258594650031
0.0273424020696
0.0249690749162
0.0043397903712
0.00800528723682
0.113452127494
0.0504892023698
0.018403101326
0.0100301346948
0.0351064619623
0.0154708427682
0.00795513314332
0.249026474504
0.00879484997546
0.0043397903712
0.0169944171197
0.0213790643753
0.0132802662549
0.00731355966485
0.0199622750816
0.101092136326
0.0344297299727
0.0169944171197
0.0080630618925
0.00777740446731
0.0140582099958
0.0072070191752
0.0391819126982
0.0087484085608
0.0140582099958
0.0265924922112
0.014914902464
0.00513010307814
0.180409684435
0.013302264542
0.00571539980545
0.0381885258447
0.0090164452719
0.0534423638834
0.0140582099958
0.00878635727626
0.0323801757959
0.0345468245959
0.0057545570819
0.00554872471285
0.0131066138971
0.0267542811719
0.0694090184542
0.193491071493
0.0062489249312
0.0143327112846
0.0110250156508
0.00821468337084
0.00813769338919
0.0140582099958
0.0278098501581
0.00628923756633
0.00490770940357
0.0217975094099
0.0140582099958
0.0200970674629
0.0350065583377
0.0230541048013
0.00691057300699
0.0882538439743
0.0164402341327
0.0218563078399
0.00688649580134
0.00490770940357
0.0217720585805
0.116634780786
0.00865976593174
0.210206497468
0.19936201391
0.0140582099958
0.0176532481774
0.282816086516
0.0092044684666
0.0537105258523
0.0169944171197
0.00868563796479
0.0128384123425
0.034639834974
0.11386644384
0.00554872471285
0.216261299985
0.0106838496233
0.0223687469081
0.0372393323725
0.0199622750816
0.0799651052374
0.123150022673
0.0202533161812
0.00620642469398
0.166966646912
0.0229603086899
0.0423734819526
0.0101047062955
0.267532413881
0.0090013201416
0.0163005191488
0.0201487446744
0.0488176420204
0.018248224243
0.00620642469398
0.0662407107609
0.017523680381
0.0288143114466
0.00487428630963
0.00989073863602
0.0319331463908
0.0828436016872
0.140766570842
0.0323801757959
0.00495338916766
0.00779484161004
0.0169944171197
0.0136812857401
0.0378042886715
0.056026377815
0.0321316373689
0.00944728476642
0.0947630042512
0.00490770940357
0.106716589207
0.00652587128915
0.0536702843677
0.00789879415085
0.0121124562255
0.00935504413184
0.00864419458502
0.0575751231412
0.276406423737
0.00490770940357
0.0136276963052
0.0452173268535
0.06001250388
0.00875703062013
0.00795234646662
0.0486078178999
0.0234138837281
0.0253539483874
0.0109968320877
0.00745673154649
0.0520105458445
0.0607431173206
0.0234138837281
0.0256380526468
0.0161280824966
0.137923303324
0.0515488358416
0.0199944174779
0.00620642469398
0.0155581375074
0.00633230127459
0.00516264319323
0.0102818086002
0.063366656929
0.0333121879629
0.0142688511327
0.0269681880037
0.0367930901544
0.0832484111513
0.00665898606454
0.00620567621091
0.00696521292004
0.0140582099958
0.0197029936739
0.0489263788324
0.00885044180401
0.0123317333877
0.0240875990896
0.0130315221572
0.00620642469398
0.0132504408734
0.0387040670178
0.0109829345899
0.00631508821104
0.00583137602358
0.0606315173096
0.0136590331292
0.00706387813446
0.0154394812324
0.0340186482818
0.243668887835
0.01349993552
0.00635014917034
0.0140582099958
0.0115194369769
0.052804328986
0.0127883137175
0.00730737237996
0.00612638353961
0.0414982176999
0.0341402347004
0.0211945666296
0.223981227219
0.180409684435
0.00700746490149
0.0207051020399
0.226174037706
0.00669931074177
0.0154589063846
0.0328007005255
0.0137033363942
0.00571539980545
0.392091126127
0.0105555002408
0.0189078755904
0.193491071493
0.0135236193457
0.0240911771118
0.0104053824603
0.0099639943112
0.246700028395
0.00887050681371
0.00848429963798
0.00628923756633
0.083346363213
0.0281340907649
0.026611100337
0.0240911771118
0.0676209683589
0.00620567621091
0.194502768439
0.103716802207
0.00930611510108
0.00613964609726
0.273137731351
0.0460658140769
0.212663196115
0.0629538999998
0.00998044181242
0.139312994656
0.0181156010345
0.0179426694751
0.0391819126982
0.00944728476642
0.00639298264929
0.0803274923295
0.0053893209664
0.0243634784255
0.0283332142082
0.0638726997576
0.0202902822736
0.0124289813413
0.00764140731379
0.0183611728961
0.162478887406
0.112193732529
0.0224046168094
0.0828176717664
0.0413966520389
0.0107678723102
0.0232511030171
0.182276118754
0.235096717768
0.0424536837374
0.0110250156508
0.0140582099958
0.00628923756633
0.0369824789489
0.00875400477019
0.196691779118
0.00949293449102
0.00628923756633
0.0113845840637
0.0409193644944
0.00672219662771
0.0147361599786
0.015865115094
0.287132089988
0.0234138837281
0.00912454580149
0.0112709195089
0.0136269404999
0.15973115347
0.0101047062955
0.0579301711182
0.011364846862
0.00490770940357
0.0802195299387
0.0133362769781
0.00875400477019
0.033272565397
0.0240444836325
0.0197029936739
0.0166421232113
0.0547196735696
0.524321377665
0.0096430304453
0.157154520978
0.00652837840397
0.0211011945259
0.0282380735981
0.129858993661
0.0240911771118
0.017047986539
0.18545455645
0.00620642469398
0.107279944365
0.0251844063431
0.00647479779409
0.0154394812324
0.0115194369769
0.0133362769781
0.148207043631
0.00786341220391
0.182657596649
0.0121780892448
0.0121780892448
0.00484417562012
0.00620642469398
0.00706387813446
0.0062489249312
0.00834781371657
0.0144828363149
0.0677529177856
0.128476085754
0.0102805667384
0.0645640679018
0.0303861569523
0.024421982481
0.235096717768
0.00715804967647
0.891082994412
0.00566399922229
0.00701287250632
0.0107918734852
0.0180930987033
0.142001416531
0.00633230127459
0.00801706707832
0.0132548419648
0.0323801757959
0.0240539330957
0.204550910869
0.0500611203997
0.0857424755075
0.247986689577
0.00551410259701
0.0072070191752
0.0116723091999
0.0115194369769
0.0201305914581
0.0124283746739
0.0137187367879
0.0244436469162
0.00620567621091
0.0129902464217
0.0339312833854
0.0106125588046
0.00652987261458
0.257910048704
0.0487215975783
0.0375294175104
0.0281340907649
0.0423734819526
0.193491071493
0.0223361577968
0.249043879095
0.00669931074177
0.00887050681371
0.00620567621091
0.276406423737
0.0140582099958
0.256616784549
0.013707125719
0.0062489249312
0.103193734709
0.0110250156508
0.00563004246703
0.10786157949
0.179304851687
0.0183701350387
0.0196518047764
0.0112972710687
0.013370554894
0.0180544495681
0.00666619940417
0.00501836558704
0.0415457646749
0.139312994656
0.0121780892448
0.0115474024402
0.0136590331292
0.00787540471795
0.0273391133016
0.0365103651118
0.0158070603518
0.00620642469398
0.00706387813446
0.0115194369769
0.00789879415085
0.020348328048
0.00633230127459
0.00976911519431
0.0302185195647
0.00938683506689
0.0121780892448
0.0070580784643
0.00436956450725
0.0115737066487
0.145537425465
0.0281340907649
0.0123693497074
0.00911285754201
0.0103216812699
0.0169944171197
0.0240911771118
0.0059303082445
0.143317381888
0.157642059015
0.0191720432087
0.00997453705723
0.0523063978233
0.0140582099958
0.0327610929162
0.00490770940357
0.00620642469398
0.00700746490149
0.0340046888244
0.00665684297665
0.00620567621091
0.0187577906411
0.0152629172277
0.0208571917894
0.0366079556943
0.0118194338895
0.0125436928866
0.00975518614826
0.00808010481937
0.00431899631592
0.00605393620674
0.0160234360461
0.0459307229465
0.00830446710585
0.0569711234712
0.0197029936739
0.0198360707304
0.00540207493849
0.00566761298407
0.0069755006083
0.00760895871476
0.0208863930617
0.302102224137
0.00875964573397
0.0665030081935
0.0165914006655
0.0112967461992
0.180409684435
0.00684847883793
0.164855747696
0.0881153952678
0.0636202976974
0.0115194369769
0.00715804967647
0.0055745034091
0.0140582099958
0.00887973747229
0.00713693685627
0.184442386786
0.0223921790031
0.0136590331292
0.0108494187567
0.246700028395
0.019433852443
0.00419749665591
0.0149152001252
0.00533904659205
0.0103088263456
0.0629538999998
0.00848050541708
0.00496710220512
0.0107784974929
0.00620642469398
0.0213214577086
0.00620642469398
0.0114479564273
0.0154419705172
0.0357043861162
0.017135710708
0.0157123994466
0.0240875990896
0.0518402632057
0.070585714259
0.0912581003281
0.00512749286361
0.13480593108
0.00673915982755
0.00817044436608
0.0272649467715
0.0237427944086
0.0159086046976
0.00919548923185
0.0203300139388
0.0596121414511
0.0222311203431
0.0114327648003
0.0151791393351
0.0174250572988
0.0250690676523
0.00430408398561
0.02744766837
0.00620567621091
0.0359369381661
0.0247724784422
0.0208315551041
0.0186625195766
0.00493327663221
0.169524523799
0.246446111231
0.155182218575
0.0198360707304
0.18878503227
0.0206714280555
0.0062489249312
0.0236369249064
0.190440542265
0.0195117873026
0.029759583719
0.00696521292004
0.0559994159307
0.0133362769781
0.148207043631
0.249043879095
0.0103216812699
0.0121780892448
0.0057545570819
0.00652665813817
0.0121780892448
0.0102047565122
0.0662000059384
0.237938400354
0.00628143525716
0.00883515337622
0.138505017149
0.00600385097807
0.00893108615412
0.0200341590581
0.00706387813446
0.0109968320877
0.00817069464317
0.0166421232113
0.0711114751351
0.00865115337084
0.0277641557379
0.0510388411434
0.0163606449739
0.00669931074177
0.0363296485733
0.0227705361742
0.014839985436
0.00745673139135
0.00635860455487
0.0447794279855
0.0118439469462
0.0356848204324
0.0628013987959
0.0109968320877
0.00869928302763
0.0065089380074
0.0348787105551
0.00762433681628
0.0223044597927
0.00817301465683
0.0616674634026
0.171536210192
0.00844388277391
0.0228387853105
0.0897152267406
0.106392714598
0.0132911103002
0.00875818832884
0.0247165216326
0.00760369726833
0.318956580135
0.00644977634246
0.0110250156508
0.00743140374265
0.00579169907235
0.0106135553654
0.2317514795
0.0780651859994
0.0136590331292
0.00639301907538
0.0116723091999
0.0238327217484
0.199627553863
0.00957292417268
0.00620642469398
0.0372393323725
0.1795480798
0.00620642469398
0.0226954904361
0.10786157949
0.0100228741753
0.0062489249312
0.0109090926843
0.164024186032
0.0140582099958
0.015842961422
0.020860319726
0.00887050681371
0.0249158101148
0.00692721369092
0.178144673546
0.0104164270611
0.0579242943027
0.00487428630963
0.0067886553109
0.0552085515145
0.0244436469162
0.282816086516
0.0100610927305
0.0206410183691
0.238927094045
0.077896101415
0.00960764009241
0.00633230127459
0.00765862439789
0.302102224137
0.0105491746888
0.0294753785195
0.0515488358416
0.00639301907538
0.028216732806
0.0133936424798
0.0880831495667
0.00571539980545
0.255511146274
0.011963491668
0.00849623526202
0.00948165025047
0.010226346493
0.173286004962
0.0076463877592
0.00620642469398
0.0134910473668
0.112857970387
0.0099749416086
0.0654566020031
0.00763606590208
0.0304586725759
0.00989932802894
0.0328461965205
0.0194862264926
0.255511146274
0.0107520609133
0.00620642469398
0.122478115781
0.0154394812324
0.00787314972597
0.267377095045
0.0140582099958
0.00720200917658
0.0763196785311
0.00888311544119
0.0199622750816
0.0080630618925
0.00620642469398
0.0276149292177
0.0118801517347
0.0140582099958
0.142899164953
0.0281758072283
0.0231766354586
0.0386166583896
0.0729663568268
0.0136839507321
0.0140582099958
0.0101107687928
0.182276118754
0.0062489249312
0.0323801757959
0.0147814111348
0.00652665813817
0.208769216601
0.00515352983893
0.164196981935
0.0106993179592
0.0947630042512
0.0223943217069
0.0099639943112
0.00715804967647
0.0201802205703
0.0226038237502
0.00694181401928
0.00612375369142
0.10786157949
0.0140582099958
0.0110250156508
0.0110332015145
0.00888311544119
0.0183943372306
0.0377613133068
0.0043397903712
0.148207043631
0.0197029936739
0.0107267996661
0.014326825978
0.00487428630963
0.0222135159804
0.00537978993992
0.0196898969294
0.0116888533699
0.0140582099958
0.0140582099958
0.0241392417738
0.0372393323725
0.00696521292004
0.00805943148472
0.0475184657833
0.0262012061699
0.193491071493
0.0154394812324
0.0328461965205
0.0279327874212
0.00533977978569
0.00667399499098
0.0140571356571
0.0271364737409
0.0236583834367
0.0118253106595
0.00683511511418
0.0077259219331
0.0345468245959
0.0157900631439
0.00451183409245
0.0234659510022
0.00875400477019
0.00490770940357
0.0375690386769
0.026166360324
0.0223044597927
0.0124309043412
0.0290636075711
0.0132447176878
0.015192474396
0.390446179239
0.0538321945907
0.139312994656
0.0344038433209
0.0302697400134
0.0201882336043
0.0109672131797
0.0117900465199
0.245993344445
0.0211127919088
0.0067789240925
0.00620642469398
0.0366217710715
0.0214351988214
0.0102389983745
0.139512955757
0.0761225752178
0.0116888533699
0.0477154905455
0.00633230127459
0.0133880953378
0.0101047062955
0.0152699780278
0.0385124126642
0.00628923756633
0.0277371194196
0.0088210420838
0.00701287250632
0.00789879415085
0.186762270227
0.0886825339602
0.186762270227
0.0144621383801
0.00710636893731
0.0206785046834
0.0123719711068
0.0169944171197
0.0223921790031
0.0110214502952
0.00628923756633
0.0369824789489
0.0392962647163
0.00697119864966
0.202277436371
0.00490770940357
0.182276118754
0.00846027993624
0.00490770940357
0.0116459825161
0.22502604634
0.00577920118242
0.180409684435
0.0157792223483
0.235096717768
0.0133362769781
0.0140582099958
0.0287110341537
0.00620642469398
0.00971299428632
0.0043397903712
0.0482559229681
0.0122359636698
0.00667912747289
0.0273066225073
0.00957845724473
0.23284342981
0.0115510568664
0.00620642469398
0.230066941889
0.00845301521275
0.00816291746957
0.00620642469398
0.00487428630963
0.0323801757959
0.0357043861162
0.00620642469398
0.0180631523109
0.0492283706489
0.164703579479
0.0140582099958
0.0195211641049
0.0209335572852
0.00620642469398
0.0224443569684
0.0281141163032
0.00953836902526
0.00837337413061
0.0108574716863
0.139312994656
0.00713444844021
0.00647569351633
0.0133810593102
0.0064112373084
0.166966646912
0.00623802852442
0.00465866694824
0.00527845641045
0.0199849500875
0.00875400477019
0.0575721874948
0.0318801014298
0.0324642944697
0.013302264542
0.0110250156508
0.00620642469398
0.0526005371452
0.0140582099958
0.00620642469398
0.0158473744143
0.0197029936739
0.0319918021527
0.196400786307
0.00713454599728
0.0120837835883
0.00875400477019
0.0140079895046
0.00932690906558
0.0233001401625
0.00863275170136
0.0140582099958
0.00620642469398
0.0323801757959
0.00665673798801
0.0109968320877
0.00620567621091
0.0396264507837
0.0213462301602
0.0140582099958
0.00875818832884
0.032622274298
0.00690029968105
0.0115194369769
0.00652665813817
0.00745411270954
0.0109968320877
0.00583137602358
0.273137731351
0.00789879415085
0.00905573657358
0.103716802207
0.0117984345872
0.00591398941739
0.0182255889385
0.00817141491026
0.00639298264929
0.00765549464576
0.0311208283017
0.00779930950294
0.168529511495
0.00620642469398
0.0136590331292
0.050321604033
0.212663196115
0.0140582099958
0.0980703844051
0.0167554536786
0.0169944171197
0.182461604786
0.0285944831511
0.0499327693615
0.0067886553109
0.00824871586122
0.0309427261508
0.0174791777091
0.131193302484
0.0197029936739
0.0114020249926
0.0165552268128
0.0389129472777
0.0411436265995
0.00789879415085
0.0121469942507
0.0573951407046
0.0136590331292
0.025448127068
0.00469061850431
0.0854388154851
0.00748143800944
0.0101047062955
0.0043397903712
0.249026474504
0.0212448027459
0.0104441399933
0.0198960808393
0.00487428630963
0.00731317227142
0.0222308010114
0.0216353461108
0.0189451251659
0.00620642469398
0.0771073278435
0.0180634190332
0.0140582099958
0.0107204016279
0.00539887123172
0.017523680381
0.00865115337084
0.0180096440773
0.0230022287232
0.00628923756633
0.198659764256
0.204550910869
0.00944728476642
0.0239805597794
0.0234138837281
0.0202533161812
0.0735289040471
0.146049611307
0.0169332911537
0.265313010381
0.0477536024361
0.00490770940357
0.0121780892448
0.193491071493
0.00740981459202
0.0199183218226
0.0873542648222
0.0252556462086
0.0113734920558
0.0406715990723
0.00620642469398
0.00876532025465
0.14356930084
0.00830446710585
0.245993344445
0.0217720585805
0.0110426383867
0.103716802207
0.182461604786
0.0140571356571
0.0193554619486
0.0627930044815
0.0125935453517
0.00490770940357
0.0110250156508
0.00620642469398
0.0298806612593
0.0124289813413
0.0365103651118
0.00490770940357
0.0874973383546
0.00554872471285
0.0629538999998
0.00805367840625
0.00926879568343
0.0423734819526
0.0121551933302
0.243603930933
0.0099639943112
0.0348787105551
0.00888311544119
0.00801925014858
0.0323801757959
0.0136590331292
0.112193732529
0.0136590331292
0.0323801757959
0.204313707017
0.00490770940357
0.00502227452205
0.0101488652748
0.00734710020853
0.0500478940007
0.0771789895031
0.0320491128654
0.0217720585805
0.0295880329813
0.226209008951
0.119516580902
0.0431513417317
0.0106830589429
0.0323801757959
0.0228053946325
0.201291218073
0.00616953297096
0.320808440103
0.0377572474959
0.0109968320877
0.00767647160464
0.0109968320877
0.0367347824216
0.00789879415085
0.00448817834559
0.0629538999998
0.017523680381
0.0065089380074
0.00571539980545
0.00798712501584
0.0140582099958
0.282816086516
0.0112565204318
0.0115194369769
0.0556784839877
0.0240294137534
0.00451896591108
0.023966114284
0.0277342611423
0.00620642469398
0.0258908797568
0.0121780892448
0.0168026719031
0.0206922249128
0.00497630991777
0.243668887835
0.00516128093699
0.0201802205703
0.0135236193457
0.00888311544119
0.00706387813446
0.00628923756633
0.00620642469398
0.0148073208187
0.00891256604993
0.00628923756633
0.00720813578822
0.00887186138104
0.0068924295299
0.0196530376776
0.0145344298938
0.0169944171197
0.0169944171197
0.00620642469398
0.0462829909126
0.0270626451237
0.00888311544119
0.0508883277694
0.014911464115
0.00490770940357
0.0140582099958
0.00717506552323
0.0368172475685
0.0234283317477
0.0121780892448
0.00501559207172
0.182276118754
0.00655890934923
0.015192474396
0.00857507687583
0.0691582693234
0.032199653092
0.0237427944086
0.020797797095
0.017523680381
0.0237427944086
0.0136590331292
0.00875818832884
0.013334913968
0.226174037706
0.00893108615412
0.00733873426694
0.00490770940357
0.249043879095
0.0865889337017
0.0162849061269
0.0282884024279
0.00609358869902
0.0110250156508
0.249026474504
0.00490770940357
0.0143267935188
0.0115194369769
0.00800875611215
0.0090164452719
0.00875400477019
0.140766570842
0.0306695037828
0.0298806612593
0.0365103651118
0.103476460127
0.0116723091999
0.0828436016872
0.0223793393763
0.0429252776362
0.00620642469398
0.0110250156508
0.0143536317713
0.0170567450328
0.0328007005255
0.0143619984095
0.00946303146242
0.00763740340366
0.0110250156508
0.00628923756633
0.10597713671
0.0256437268738
0.0589520425954
0.0413966520389
0.00629876848879
0.0043397903712
0.00508241699281
0.00522853607391
0.00716029634457
0.0140582099958
0.214874473821
0.0067455649045
0.0193431363612
0.0164568585697
0.020380827215
0.0075774285446
0.00672136945633
0.0401258360929
0.0301220639829
0.0218445349652
0.0154655933742
0.0109968320877
0.00451896591108
0.0370335531614
0.0118637914268
0.0165132642864
0.0673083684494
0.182276118754
0.0197029936739
0.00706387813446
0.00980264319783
0.00923145458328
0.0134567748281
0.0140582099958
0.204550910869
0.0057545570819
0.0249451415097
0.00488169296791
0.180409684435
0.00700746490149
0.00597528654644
0.128495182817
0.00620642469398
0.00633230127459
0.0124711949212
0.182276118754
0.0117517960102
0.00628923756633
0.0140582099958
0.0200432153357
0.026874481436
0.0491516536067
0.0377820439558
0.0200402823733
0.0217045110138
0.013302264542
0.00881855829577
0.0211585507469
0.0201802205703
0.0110250156508
0.0365103651118
0.0257067058202
0.0273424020696
0.023687183611
0.0258551034827
0.00700746490149
0.00706309707476
0.0315349744728
0.0650558495646
0.0100964353943
0.0240911771118
0.00875400477019
0.0171319526477
0.0755929693972
0.0775151178128
0.00422725789465
0.0508114391207
0.0140582099958
0.0121780892448
0.0101050693797
0.0596311457136
0.0140582099958
0.0413596587081
0.0589252378449
0.023119618401
0.0110250156508
0.0215744401392
0.0306813628566
0.0186587219206
0.0124289813413
0.182461604786
0.195671451409
0.0070580784643
0.083510579675
0.0282798090747
0.0314665317686
0.00573354050782
0.00757907652362
0.0140582099958
0.116324016296
0.0338299040342
0.00628923756633
0.0070580784643
0.00893108615412
0.0293663331763
0.0118336560079
0.00579169907235
0.0102250517859
0.0323801757959
0.0215541312856
0.00620642469398
0.00694181401928
0.0110250156508
0.0171263190465
0.010131270069
0.00628923756633
0.00715181762028
0.0085156676878
0.0140582099958
0.0205423167748
0.10786157949
0.0212280684485
0.0151361798377
0.021642060938
0.0115060144106
0.10646159113
0.28027301828
0.0193431363612
0.0137551161392
0.0328461965205
0.0328461965205
0.00948724836912
0.102553898877
0.0127931867217
0.0294640464503
0.15394760089
0.00978827965023
0.00588176788186
0.0101780720706
0.0133362769781
0.0110250156508
0.00808664186017
0.036427817984
0.00875400477019
0.0298806612593
0.00462366355584
0.00809108606466
0.0166071065796
0.0143936252086
0.0626245602525
0.212663196115
0.00494063957258
0.0235859649255
0.00875400477019
0.00687376745429
0.0968054081627
0.0287441777223
0.0328007005255
0.00721566852647
0.0101738180123
0.013370554894
0.00566304684154
0.00887050681371
0.0282798090747
0.00592180296461
0.00807230151333
0.0418694003618
0.0121780892448
0.0188558710974
0.0167338330977
0.164024186032
0.0080630618925
0.0587014615439
0.00780804892573
0.0153321502081
0.202694819288
0.0140582099958
0.015192474396
0.0755370688317
0.0133362769781
0.0607016847224
0.016007684359
0.00628923756633
0.0298274235085
0.00490770940357
0.0323801757959
0.0369824789489
0.0090013201416
0.0124458701804
0.00765549464576
0.0170607542108
0.0187840704064
0.0147274787894
0.0109037794396
0.0828436016872
0.011473495352
0.0142841349151
0.0626245602525
0.0169699818558
0.0169944171197
0.0135587156409
0.0646601535328
0.0409035018979
0.157182936595
0.00706387813446
0.0881153952678
0.0328605231874
0.0240911771118
0.0110250156508
0.00620642469398
0.00892182790331
0.0417132153045
0.0233080808131
0.0406320617201
0.0183321784023
0.0345468245959
0.00583137602358
0.00628923756633
0.0043397903712
0.0248601970899
0.300729325388
0.0109968320877
0.0140599668893
0.148207043631
0.00864419458502
0.0378046193866
0.0288460401835
0.0129007227555
0.0153928551843
0.0217720585805
0.011110769608
0.245965776091
0.0103884101983
0.0090013201416
0.0166948315668
0.0100583967773
0.0946998735149
0.0300009903139
0.00522853607391
0.00875964573397
0.0161970243732
0.0721943378191
0.00917806762772
0.0252468695499
0.0255924750816
0.00588944360199
0.0079111386349
0.00588944360199
0.0179227000329
0.0043397903712
0.0240911771118
0.034448611372
0.0080630618925
0.0920681001174
0.182276118754
0.00615572849298
0.0634924965407
0.231939513335
0.0115194369769
0.0124941894848
0.00451896591108
0.0043397903712
0.0136590331292
0.0121780892448
0.148207043631
0.00875400477019
0.223607771749
0.00628923756633
0.0297951886506
0.00875964573397
0.0062489249312
0.0110875739871
0.00628923756633
0.0132877446391
0.0576809692667
0.111069718797
0.0052460644112
0.0268375378021
0.027076334944
0.00464846270357
0.104069539292
0.0281266815804
0.0172922795236
0.0140582099958
0.231516840139
0.249026474504
0.0088137955586
0.0217720585805
0.227178680901
0.0311803826008
0.00904269935856
0.0200364236032
0.042898059398
0.0128802070768
0.00850352554415
0.0197029936739
0.0109968320877
0.296144677813
0.00769868307183
0.00633230127459
0.00628923756633
0.204313707017
0.0723024958036
0.0232021905112
0.00620642469398
0.00620642469398
0.042484278231
0.00737254482351
0.0099639943112
0.0121780892448
0.0474096466138
0.00789879415085
0.163803500559
0.0100008284367
0.0298806612593
0.0634830153762
0.010400988502
0.0110250156508
0.0253714857758
0.0788148893241
0.00620567621091
0.0067862326883
0.0243634784255
0.187154115849
0.204313707017
0.00945733561666
0.11771980406
0.00578091376708
0.0328007005255
0.00947460725671
0.127531842335
0.180409684435
0.015192474396
0.00944728476642
0.0170196154749
0.0109037794396
0.00498881714613
0.039955335835
0.0245754775407
0.191072790977
0.0348390015696
0.00620642469398
0.00704479539249
0.180409684435
0.0067455649045
0.00476065572686
0.0236502902401
0.0908182008357
0.0311595454583
0.00701287250632
0.00928206038479
0.244372505371
0.148207043631
0.00575513638635
0.0257802063533
0.0212448027459
0.0265006317106
0.0140582099958
0.0202533161812
0.0248467752688
0.0532953934551
0.0199622750816
0.0323801757959
0.0121255649928
0.0725857474803
0.0153133105325
0.00620642469398
0.0449854192034
0.00617300680124
0.0521996748472
0.0323801757959
0.00628923756633
0.00633230127459
0.0272370899989
0.0117653503739
0.00633230127459
0.0197029936739
0.0116723091999
0.0172915907462
0.0115791678857
0.00620642469398
0.023308015455
0.231939513335
0.00852871886002
0.0099639943112
0.148207043631
0.103716802207
0.0255239050447
0.00875400477019
0.0349944701768
0.164024186032
0.00695386901015
0.0127328314521
0.0828436016872
0.0197029936739
0.0460428857284
0.0223083261951
0.0192414536441
0.0122795920896
0.157182936595
0.00728066777501
0.0196051103307
0.00507907302856
0.00920100495748
0.00955744924905
0.0816558000108
0.0121780892448
0.0159997951454
0.00628923756633
0.0157546326257
0.0589252378449
0.0488368091111
0.00628923756633
0.00567816824792
0.139312994656
0.0503663849187
0.0298497455525
0.0344347844847
0.00856823544642
0.0328007005255
0.0482630030342
0.0968872977491
0.017516766264
0.0147814111348
0.0125452050447
0.0828436016872
0.0607060022529
0.0100061175805
0.0266521089613
0.00932690906558
0.0192779798844
0.0191964340229
0.00730589273793
0.102553898877
0.0136590331292
0.024782003088
0.0080495078779
0.0153928551843
0.0197631030628
0.00555589634063
0.00831922855801
0.0218949362075
0.0109968320877
0.00875400477019
0.0229555609677
0.0043397903712
0.0234814917618
0.0868730827069
0.0240875990896
0.231939513335
0.0078215226361
0.0065089380074
0.0231855640399
0.0345468245959
0.0176532481774
0.102553898877
0.0141521822616
0.0535000319428
0.0218445349652
0.0077039742151
0.00547110590157
0.132651530929
0.0323801757959
0.00436956450725
0.0426406031193
0.047109934114
0.0154641300807
0.00490770940357
0.0237427944086
0.00527338499465
0.0133530069004
0.0454729229233
0.0105451400901
0.0109968320877
0.0346830695141
0.0868228497276
0.0312098824605
0.0464993040039
0.0665024152972
0.0298806612593
0.0876271386342
0.133655051858
0.00770128058895
0.00672281511674
0.0103703728149
0.0192232633745
0.0140582099958
0.0140582099958
0.0171124443328
0.00817044436608
0.0135236193457
0.0140582099958
0.037135730438
0.0181939860325
0.00753290285082
0.186762270227
0.00892182790331
0.0169332911537
0.104028081076
0.00436956450725
0.00998437661128
0.186762270227
0.0140582099958
0.0249451415097
0.0223809924762
0.0166421232113
0.14690869445
0.204313707017
0.0579301711182
0.0251163752279
0.00845074497337
0.0328007005255
0.0133362769781
0.00620642469398
0.0136590331292
0.0092044684666
0.00911593314171
0.0184308029427
0.00577920118242
0.0062489249312
0.0246859373571
0.00515967738409
0.066346569477
0.0507674063468
0.12960943737
0.0201802205703
0.148207043631
0.0319724185157
0.0695940848729
0.008925866371
0.00875400477019
0.0240911771118
0.0832484111513
0.0140582099958
0.0882711061779
0.157182936595
0.013302264542
0.11860478386
0.034448611372
0.0110250156508
0.00976430804362
0.0055601137544
0.00865115337084
0.162478887406
0.0260777070228
0.0143327112846
0.0450227192244
0.0248683689422
0.0103216812699
0.033658706782
0.00710636893731
0.0246484664892
0.0192501171362
0.063366656929
0.0109919453201
0.00628923756633
0.0150562962633
0.257910048704
0.182276118754
0.0391819126982
0.0148333373983
0.00620642469398
0.121665432653
0.0116723091999
0.00620642469398
0.0217720585805
0.00947946856967
0.0115194369769
0.10786157949
0.0166421232113
0.227178680901
0.0348787105551
0.017523680381
0.053872520168
0.0074078634307
0.00789879415085
0.0205891620905
0.00512749286361
0.0183611728961
0.00666074097486
0.00451028413825
0.00620642469398
0.0062489249312
0.00628923756633
0.394126218596
0.0526005371452
0.0526005371452
0.0349188511271
0.00620642469398
0.0237069831358
0.0107316304066
0.0168477093699
0.00887050681371
0.0110250156508
0.0230043884831
0.0169944171197
0.0043397903712
0.0066337208704
0.0107189018515
0.00953365396104
0.0401542857988
0.03181768491
0.0589945481416
0.180409684435
0.0202598830594
0.00972816668769
0.00620642469398
0.0145287912463
0.012062195746
0.0169606794587
0.00715181762028
0.0374344400657
0.0110250156508
0.033204890305
0.00841951562185
0.0051929394484
0.00620642469398
0.00638092140747
0.0135695095601
0.0116888533699
0.0584910638766
0.0197123470951
0.0357043861162
0.0109968320877
0.00888311544119
0.0304331304755
0.0348810307408
0.0103779205448
0.0135365062861
0.041305561121
0.00633230127459
0.190187889854
0.0174760536491
0.00715804967647
0.0109841839831
0.00791146777752
0.0165132642864
0.026999570853
0.0114523666087
0.0233753112967
0.00716798136395
0.0157318509838
0.0261740742422
0.0242583660912
0.0115194369769
0.0557257899185
0.048130587521
0.0115194369769
0.043363623689
0.0057545570819
0.0172432952741
0.0146321269012
0.00490770940357
0.0163764120625
0.00866415785956
0.00628923756633
0.00823597589246
0.0425603075156
0.00491049649653
0.251516254349
0.00490770940357
0.0623369981317
0.0110250156508
0.0115194369769
0.0353304992231
0.00875964573397
0.00620642469398
0.00696521292004
0.0103934139255
0.0150547721838
0.00652665813817
0.222019926298
0.0140582099958
0.0140582099958
0.182276118754
0.00620642469398
0.0109968320877
0.00700746490149
0.164196981935
0.0118638586524
0.0319117552847
0.00564506776256
0.0937344594335
0.249026474504
0.00669931074177
0.0240911771118
0.00761475020739
0.0140582099958
0.0530553405362
0.193491071493
0.163803500559
0.0197029936739
0.0136590331292
0.0908182008357
0.0116888533699
0.0043397903712
0.0076676414139
0.00579169907235
0.126208939677
0.0108481897342
0.00882442258471
0.204313707017
0.0174514483121
0.123150022673
0.0431513417317
0.0067455649045
0.0328461965205
0.0052712734691
0.00694181401928
0.0103884101983
0.01151048375
0.00634761994658
0.0126145528303
0.0109968320877
0.00483934499141
0.0323801757959
0.00718214398789
0.0342897797384
0.017523680381
0.00931255485326
0.00667912747289
0.0669438744595
0.00961835024083
0.00700746490149
0.00750103550353
0.0408822371322
0.00633230127459
0.00834019801998
0.00715804967647
0.0147518655265
0.0521996748472
0.148250288657
0.00607642821446
0.0131066138971
0.00669931074177
0.282816086516
0.030424270093
0.0168538773206
0.0526005371452
0.0208581280316
0.011744956586
0.00593222803103
0.0140582099958
0.0108844049684
0.138081049546
0.0247449057317
0.0109303629498
0.00620642469398
0.20607662827
0.00804230502591
0.216525539641
0.00490770940357
0.0121469942507
0.0123317333877
0.0153544378794
0.0162820788637
0.00628923756633
0.0655251031326
0.0140582099958
0.0159997951454
0.0976638425275
0.0109968320877
0.0534856815508
0.0129955979893
0.044032003019
0.00808859346541
0.00875400477019
0.0148048163911
0.00490770940357
0.00620642469398
0.164196981935
0.00851244801223
0.0329488058283
0.0328007005255
0.0115415335367
0.00669931074177
0.0197029936739
0.008460817428
0.0241540842517
0.0241719042907
0.016211381075
0.00476065572686
0.0890684762401
0.0626245602525
0.00997812347248
0.0128229808568
0.240117301379
0.0199859218301
0.0110951603169
0.0181054214906
0.0108748039091
0.107279944365
0.00436956450725
0.0057545570819
0.00633230127459
0.0321497694553
0.313249908418
0.0110250156508
0.00944728476642
0.024012016372
0.0229555609677
0.0223044597927
0.0393146468449
0.0252292205832
0.0067455649045
0.0100954391083
0.257910048704
0.245063298876
0.0444425500182
0.00831520059256
0.112193732529
0.0113902721205
0.00490770940357
0.0102263272061
0.00854330112054
0.273137731351
0.0184290077362
0.00633230127459
0.00706387813446
0.00875400477019
0.00817044436608
0.0234138837281
0.0145287912463
0.0045653586262
0.00706387813446
0.140766570842
0.0158920377638
0.0323801757959
0.110145406864
0.00961968468586
0.0237427944086
0.0477154905455
0.00935504413184
0.0148048163911
0.00706387813446
0.0234864077412
0.00451896591108
0.0072070191752
0.836811585835
0.0103487337746
0.0116888533699
0.0344297299727
0.228528939408
0.015335784521
0.0382262519295
0.122127998606
0.0240878048027
0.0175994881508
0.0240539330957
0.126820874874
0.0275500837564
0.034978035971
0.0146899711002
0.213144129134
0.180409684435
0.0275708450302
0.0113029202031
0.0484662636038
0.00571539980545
0.00628923756633
0.0188450548176
0.00721097751594
0.00610295481537
0.0582584304019
0.0109968320877
0.0357043861162
0.0884316152842
0.235096717768
0.0140582099958
0.128637110811
0.00387601418148
0.00620642469398
0.0109400725368
0.0855627032746
0.0140582099958
0.0122710840209
0.236365786913
0.0043397903712
0.00671946177121
0.00706387813446
0.255253396824
0.00771055649988
0.00620642469398
0.017047986539
0.00706387813446
0.00536615320371
0.0328007005255
0.0140571356571
0.0140582099958
0.113452127494
0.028203548694
0.112193732529
0.0372393323725
0.0421812124016
0.0830082521017
0.00988058259463
0.0691145046095
0.163803500559
0.0240539330957
0.103287354455
0.0328007005255
0.0113265087146
0.197081672596
0.0197029936739
0.0240546845934
0.00620642469398
0.0428605934795
0.00487428630963
0.00991750067272
0.00622611415208
0.0348787105551
0.0135755675309
0.211043193617
0.0129116599899
0.00983049666682
0.00577920118242
0.00512613983462
0.180409684435
0.0172686708504
0.00620642469398
0.0140582099958
0.022207060741
0.0140582099958
0.0279556910298
0.027534008058
0.00798272507103
0.00620642469398
0.00571539980545
0.00625263154271
0.0240911771118
0.0110250156508
0.0136590331292
0.0328620140132
0.124855225404
0.0169692907035
0.00855921024577
0.0299806940838
0.00710636893731
0.166423083476
0.0838623108002
0.00658649313761
0.0250370723989
0.036153346127
0.0276993736118
0.0219248395337
0.143317381888
0.194662341743
0.0416637599306
0.0837257760704
0.180409684435
0.035837408846
0.0775151178128
0.257910048704
0.0099639943112
0.0113559192326
0.28027301828
0.187436151021
0.0131066138971
0.0353304992231
0.00721566852647
0.0158920377638
0.0328007005255
0.0185144173608
0.0228167049766
0.0109103160709
0.00620642469398
0.00525576585515
0.00620642469398
0.0079111386349
0.243603930933
0.00550004327644
0.00490770940357
0.0542251710979
0.0203496800073
