0.0142441055649
0.00497972627117
0.0109572916542
0.0239682563702
0.0103711028669
0.10136306496
0.00653176983179
0.00717602209934
0.0059203971012
0.0227082906297
0.00665176155914
0.0108959305015
0.00895744054856
0.0100330573169
0.0142441055649
0.0589017071907
0.0504983167755
0.0111934135909
0.0164099338673
0.00717602209934
0.0183183200673
0.0778110993851
0.0453380793128
0.024819940964
0.0132646594573
0.00880982889415
0.132850140313
0.00476378439001
0.257327332156
0.016534852153
0.0358202706257
0.0353333511663
0.0534910438831
0.0063368404127
0.00627181746287
0.200823388839
0.0252368656687
0.0323933009645
0.0066743834561
0.0370185955848
0.057049490913
0.0528435732695
0.0446358505547
0.0198779275701
0.0647277811778
0.052079587669
0.0242814665821
0.0565417956135
0.0687682644626
0.0220801372527
0.00982111287766
0.00458734612703
0.00824049775964
0.017390720791
0.0142441055649
0.0226531048752
0.0755049965816
0.0066743834561
0.008865767283
0.0142441055649
0.0154796381003
0.103733286341
0.0268196515221
0.0148234637169
0.00627181746287
0.113217540018
0.0361768172904
0.00906882312063
0.00879237894988
0.0647155461875
0.0142441055649
0.0212857859635
0.0142441055649
0.0528435732695
0.0211365446781
0.0271788290608
0.00412597860637
0.015291418459
0.00945498657021
0.0192395161183
0.0136050702804
0.0124557165067
0.00568685935067
0.011290451244
0.0150551152476
0.0253790443841
0.0152003120625
0.00652904414551
0.0400562693111
0.0745335489975
0.0245776016582
0.00627181746287
0.0172378090904
0.0293029878496
0.0340567994371
0.0069237402008
0.013024431708
0.008865767283
0.213457625164
0.166510629301
0.0152528888572
0.0137717307094
0.0164189765721
0.0145941023875
0.0236055021145
0.0110932633057
0.0234107446439
0.0551211528551
0.00779351765761
0.00697988882401
0.0515113957794
0.0137931231738
0.0634629908567
0.0908485658428
0.00627181746287
0.0165947004368
0.0150551152476
0.0198046379352
0.0518365248377
0.172969548152
0.0326043890853
0.00783512290599
0.0349664811765
0.154583227531
0.0253500370932
0.0109054072748
0.00677506198827
0.0142441055649
0.147874372724
0.197403400081
0.00558537100806
0.2139041229
0.0336832059403
0.00497972627117
0.0378418272581
0.0200289199724
0.0195174796006
0.276594630733
0.00816969860135
0.0103761002426
0.00464464281045
0.0955958287599
0.039338289734
0.108330598843
0.0169792421489
0.126008516109
0.0195853119292
0.00783821798099
0.155411248019
0.165840855121
0.00641584771652
0.0495451846771
0.0599254243951
0.00710636140227
0.0310497243954
0.0203646904249
0.00979458334481
0.00517117783687
0.102733773756
0.0236055021145
0.221968789435
0.00958044179692
0.0302483561223
0.00824020450777
0.00589803851328
0.102733773756
0.0353781219464
0.0102325401647
0.0287190483885
0.0321944016632
0.0171300245483
0.0298403867876
0.00627181746287
0.106854911749
0.0095637728538
0.257327332156
0.0132031680857
0.181749912236
0.0486361146524
0.00568685935067
0.00701871857406
0.0163851461504
0.0318896617834
0.0342035777008
0.0248024179938
0.0130714308625
0.00641584771652
0.0136440586201
0.00710636140227
0.0114332333086
0.0142441055649
0.0298403867876
0.00542232586469
0.00827748433726
0.0160551637407
0.0061835335941
0.138611924471
0.00411087487599
0.00797910974853
0.0063368404127
0.00675762895227
0.193079795016
0.0153824548841
0.00627181746287
0.017390720791
0.0128234388297
0.00818021489326
0.193079795016
0.061335260085
0.115622820099
0.00922914280727
0.0137717307094
0.00850492140119
0.0659049408688
0.0562991823522
0.0109572916542
0.0309747425237
0.0140785948084
0.0116212718546
0.0134297410296
0.173127596569
0.00627181746287
0.276851629098
0.00931982609677
0.0244327133755
0.0259025076232
0.00826496478187
0.00816969860135
0.0299057755915
0.0199087904772
0.00928610881437
0.0260316908504
0.018522165916
0.025973549611
0.0150551152476
0.0219645611707
0.0301742404675
0.0232498482825
0.215151895684
0.0173536166607
0.0152825905073
0.00822262407873
0.0362686661964
0.00720320050862
0.0961930593833
0.0123269606935
0.0245226379728
0.0132687853667
0.169208819236
0.00641584771652
0.00627181746287
0.013024431708
0.0124827415064
0.0166856998379
0.279591739874
0.00868856285676
0.0230142281353
0.00736615450869
0.00627181746287
0.0133442473901
0.0105029166289
0.00496301247435
0.00983939911184
0.00577821754567
0.00627181746287
0.00497972627117
0.132850140313
0.008865767283
0.0172378090904
0.0277895554475
0.00700400669796
0.0410673927036
0.00819675450386
0.0220290118586
0.00992417396489
0.0162113914535
0.022388474692
0.0195853119292
0.0253638353267
0.00694693809417
0.182337483264
0.208280090009
0.00689398388699
0.103629477834
0.0108420194822
0.036318125413
0.0139453365031
0.00556073559086
0.200823388839
0.0322913282831
0.172853103932
0.00628320343008
0.249717092534
0.011290451244
0.169208819236
0.00918487651016
0.00820395704783
0.0138543815984
0.287422052024
0.161527729785
0.066025846255
0.0977549570173
0.0294396795097
0.0142441055649
0.00504189902138
0.00581555360737
0.0142441055649
0.0088637664533
0.0726210672005
0.00892186927131
0.0137717307094
0.0420815559547
0.0329140181519
0.0176985135209
0.008865767283
0.0293055623031
0.0241299889116
0.0845159917716
0.00913397011164
0.0219136164147
0.0110932633057
0.00570701717266
0.00557977421993
0.0778110993851
0.00916380787352
0.008865767283
0.00627181746287
0.0287083609642
0.00932697592192
0.0110932633057
0.183721605807
0.103733286341
0.0446646118019
0.00517117783687
0.00569160721084
0.0815513992426
0.00440762066417
0.00537850946984
0.00708955959294
0.0137717307094
0.00736615450869
0.0127541425917
0.00892186927131
0.0603618284599
0.0321944016632
0.00694693809417
0.0321944016632
0.00895621931892
0.022094905598
0.0400820718509
0.0572768271062
0.0113515267689
0.149821520659
0.00568310859865
0.013024431708
0.0231956595679
0.108330598843
0.0161417820197
0.00981133454047
0.008865767283
0.0165414666828
0.263728555308
0.0390984703513
0.0109572916542
0.00822170325177
0.0181128047917
0.0710393905841
0.0468867047761
0.0970022205021
0.105807727451
0.0117116889722
0.0236055021145
0.0353333511663
0.0127541425917
0.00794946775241
0.0224363345204
0.00937815255305
0.052079587669
0.18547221551
0.0528435732695
0.0378418272581
0.0419565015777
0.0075507759738
0.00787561472864
0.017390720791
0.00868822508429
0.00766212116551
0.0152825905073
0.0329140181519
0.0142441055649
0.00943324931258
0.0134387294529
0.011548393427
0.0214118929099
0.183619435167
0.0127504434715
0.00981133454047
0.011290451244
0.0225818931
0.014188235404
0.00503812987746
0.0171300245483
0.00577821754567
0.00497972627117
0.00627181746287
0.0090730739739
0.00780554580587
0.225023093743
0.0177831029909
0.00627181746287
0.00944101690599
0.00694693809417
0.00446268261194
0.0142441055649
0.118933984981
0.00736615450869
0.0231956595679
0.0370185955848
0.0325329065907
0.0190350913082
0.017390720791
0.0137717307094
0.00653777609906
0.0209673295639
0.0754183303213
0.0371224464576
0.0197078976908
0.008865767283
0.02298330082
0.0110932633057
0.00558537100806
0.0137717307094
0.0142441055649
0.101756200909
0.0401045088344
0.00919174625205
0.00705049240571
0.0615964762061
0.142100765736
0.0616558131108
0.00627181746287
0.00908322539267
0.101756200909
0.00911774334581
0.00645187068133
0.00705049240571
0.198589745089
0.00411087487599
0.00790598696124
0.0265204040608
0.00446268261194
0.0088287624427
0.229098087215
0.00989613090134
0.0208125341987
0.00929788317223
0.166510629301
0.00920045116476
0.0110932633057
0.0298885141835
0.147874372724
0.21925806387
0.0050745016305
0.00987965167567
0.0992872792783
0.0685241219232
0.0109572916542
0.0136008266794
0.00783483298331
0.0182125509071
0.0233247513635
0.00487983161085
0.0849671865156
0.044006729535
0.008865767283
0.0152607575556
0.0277895554475
0.039338289734
0.00955757754172
0.0427309454233
0.23063422274
0.0200894917288
0.0365777258575
0.0368253672171
0.0225424294801
0.00446268261194
0.0137717307094
0.00906882312063
0.00889343497898
0.10077359642
0.22558236517
0.00949869962019
0.0248616278517
0.0195853119292
0.0133876893618
0.0128858765202
0.0629514565272
0.0293573960326
0.00627181746287
0.0137717307094
0.0363207352714
0.0063368404127
0.00549763647393
0.0142441055649
0.0172378090904
0.00906882312063
0.106854911749
0.00790407861854
0.00627181746287
0.0085904999101
0.0142441055649
0.022094905598
0.031652303232
0.0073925153495
0.0100036911194
0.00521679356283
0.0808059341211
0.016714725678
0.0204787259117
0.0144504652989
0.00819246660878
0.0260768825297
0.0089396790023
0.0217019335506
0.00619457274702
0.00895223941696
0.0110932633057
0.0403592562653
0.0386897081173
0.0548981667662
0.00627181746287
0.022094905598
0.0142009534881
0.034696951736
0.0063368404127
0.011290451244
0.0164267774184
0.00627181746287
0.0449149832691
0.2139041229
0.00937428504203
0.0117606511623
0.0110932633057
0.187478805148
0.0195853119292
0.138028921814
0.0128025903822
0.00747081181662
0.008865767283
0.00938685819363
0.020440181358
0.00569160721084
0.022094905598
0.200823388839
0.00627181746287
0.00496311385655
0.0647155461875
0.00956046241605
0.0946823852141
0.162117246098
0.0889607007735
0.00771595028154
0.186424870305
0.0221162439184
0.00446412337864
0.0142441055649
0.0108885718443
0.00644710139894
0.00710636140227
0.138056750207
0.107265819318
0.0839579413474
0.008865767283
0.0321944016632
0.0412697231811
0.210090813012
0.137474629461
0.274077872839
0.00627181746287
0.0142441055649
0.0110932633057
0.0236055021145
0.027927593667
0.00539226433015
0.0233939081939
0.014811092915
0.0258361345963
0.00446268261194
0.0124463993276
0.025840493982
0.0154937303096
0.0221256676886
0.00446268261194
0.0169607264408
0.0201590668431
0.00675762895227
0.0232648410317
0.0110932633057
0.0182657698261
0.198589745089
0.0177223613215
0.0189982420161
0.0110932633057
0.139895847123
0.00627181746287
0.0427998153092
0.0710393905841
0.008865767283
0.00706893403296
0.0129047600095
0.0950978709046
0.0423890439464
0.0063368404127
0.0364432133096
0.0329140181519
0.0264155142123
0.00627181746287
0.0109572916542
0.0276033614491
0.0211781082513
0.0358609701578
0.0106846077908
0.023001513489
0.011290451244
0.0747600483044
0.0271327730815
0.00627181746287
0.0228274275519
0.00693893166396
0.00454766244607
0.0440453131483
0.0419565015777
0.0200894917288
0.0169043595807
0.0136444159406
0.0200894917288
0.0121946908955
0.0200785995639
0.0217776155802
0.00512281021331
0.294183774678
0.0464528970235
0.0128126801109
0.00641584771652
0.0109448813727
0.0235710453108
0.00922839192406
0.0214413409638
0.0195853119292
0.00775647458345
0.0195853119292
0.00627181746287
0.0370185955848
0.0142441055649
0.0126353150666
0.00694693809417
0.0756240973512
0.00736615450869
0.0342035777008
0.00627181746287
0.00577821754567
0.0290177147239
0.00627181746287
0.00504189902138
0.234071783304
0.00962614280168
0.0995499470834
0.0071473525581
0.108330598843
0.00820395704783
0.00641584771652
0.00934259064642
0.0172378090904
0.00656999052631
0.00968138937448
0.024823462919
0.113593163511
0.0104079688107
0.102733773756
0.00440762066417
0.0368026758593
0.00675762895227
0.0325930557256
0.0043929083733
0.00627181746287
0.0232805540329
0.0414143210779
0.00898340078504
0.0193941876769
0.051704859991
0.0195770092517
0.0137717307094
0.0044746326191
0.0137034759374
0.0143937014583
0.00704365381837
0.211534029446
0.0133214547402
0.0219790336052
0.00708955959294
0.00682759498911
0.0832736462355
0.0488915076262
0.0183956591824
0.0406331154007
0.0102325401647
0.017390720791
0.0108036563831
0.018825553868
0.166852147686
0.0126353150666
0.137953984213
0.0278952597885
0.0142441055649
0.0188898392636
0.0160191204785
0.0580660283321
0.0368500262886
0.0210805026907
0.0378418272581
0.0075329515475
0.0227082906297
0.00807475685782
0.0353781219464
0.0179949866165
0.103211321175
0.0137717307094
0.00464464281045
0.0113798994708
0.0225641387803
0.277863975566
0.0388494738254
0.011290451244
0.008865767283
0.0135534071085
0.0172378090904
0.00607586658666
0.00768754130973
0.00848720338296
0.0276809429146
0.0328641036299
0.00751101087276
0.0137717307094
0.0571266741143
0.0122854571876
0.0108036563831
0.00667087348696
0.0187808544067
0.0173459616352
0.0200199620997
0.0716343434398
0.0266085243262
0.0288843369813
0.168402769803
0.0109572916542
0.00710636140227
0.164453532115
0.0318684556063
0.00476378439001
0.00779989552937
0.0354855305747
0.0126353150666
0.0208666057637
0.00786675057651
0.0329140181519
0.0102325401647
0.020824516662
0.00536321027812
0.0110932633057
0.0131327866249
0.0319410039617
0.0120606281411
0.0321944016632
0.0154740975694
0.0258245161285
0.0085904999101
0.0107845168162
0.0925971652934
0.0200345627736
0.031152129515
0.0110932633057
0.00811315339705
0.0444463024873
0.0345904399747
0.00724602333602
0.0236055021145
0.00558537100806
0.0142441055649
0.0705821777859
0.155364388273
0.0101338598947
0.00769916228071
0.0492307427399
0.257327332156
0.00619457274702
0.0231956595679
0.139895847123
0.119616432986
0.0112963617668
0.0310123512638
0.00816969860135
0.00627181746287
0.18318655859
0.0136387639847
0.00710636140227
0.0350183835454
0.0358960159933
0.0136592398383
0.00663208043284
0.0109609687514
0.00995511333846
0.00862385679502
0.0376212934292
0.0277737051547
0.198482912102
0.149821520659
0.0460255740941
0.0142441055649
0.0236055021145
0.0192040690674
0.0259722981107
0.0270457582617
0.0122508673417
0.257599680015
0.0246181214529
0.00577821754567
0.280615070592
0.0379365233948
0.0176187816231
0.0431501756867
0.0118714977413
0.00475634693388
0.0257452786132
0.00446268261194
0.0300101720871
0.0109572916542
0.00627181746287
0.164453532115
0.0111348046453
0.0142441055649
0.101756200909
0.0137717307094
0.011548393427
0.00862061147734
0.0195853119292
0.0108036563831
0.0511575622109
0.0106029638739
0.0794858313166
0.0200817260499
0.00912619820147
0.0142441055649
0.0173571204151
0.00445969764957
0.0938966505396
0.0227082906297
0.0063368404127
0.0737933434841
0.0153634174976
0.0491671117553
0.0466196909023
0.0900109217212
0.166224999248
0.0443588447073
0.0248316320488
0.0137717307094
0.0321944016632
0.0118243798101
0.178582158491
0.0381817893022
0.00916514846485
0.200823388839
0.147874372724
0.00711511513149
0.00915385511647
0.0375782716565
0.249004553837
0.037391534012
0.0337800907007
0.149821520659
0.0231956595679
0.0349664811765
0.0116839143545
0.00790598696124
0.00892186927131
0.0233076452559
0.00710636140227
0.0338909810834
0.303908310308
0.216059007574
0.236203607213
0.00619457274702
0.0236687008991
0.0280645434118
0.011290451244
0.0105444603344
0.0446249201008
0.0603489397688
0.0121278120119
0.0330897259464
0.00550762476904
0.0142441055649
0.00620207413071
0.0102325401647
0.0241834625494
0.0157299570348
0.232723953041
0.0370185955848
0.0114399747779
0.106360186824
0.00694853145433
0.0740539421084
0.0109336228587
0.0102325401647
0.00619457274702
0.0766822070716
0.0136387639847
0.108330598843
0.0126353150666
0.00627181746287
0.00627181746287
0.0126353150666
0.0362274127521
0.0517816096843
0.173127596569
0.0508745077677
0.0137717307094
0.0116212718546
0.0249013933316
0.0252992352036
0.0109572916542
0.0124340844285
0.00504189902138
0.00775436981355
0.0249521894994
0.0126353150666
0.00763237303053
0.00559551780544
0.00824446831977
0.0109854038218
0.0571266741143
0.078283876958
0.00894389941372
0.0110932633057
0.0171300245483
0.00938999087691
0.00500311707934
0.0202310500175
0.0172378090904
0.0225641387803
0.0502120230055
0.138028921814
0.0173710380883
0.0194818231488
0.0142441055649
0.0103335170131
0.0176857001932
0.0145539128921
0.011849155729
0.0126689087952
0.197496700638
0.00846211607467
0.0157401636851
0.0416770805613
0.0316951875544
0.0157151238468
0.0197272939163
0.00497972627117
0.0137717307094
0.00906882312063
0.00577821754567
0.10077359642
0.102733773756
0.012011252173
0.232146087972
0.169208819236
0.0349664811765
0.008865767283
0.00915306703985
0.0276809429146
0.008865767283
0.0101950446864
0.0321944016632
0.182115857428
0.0161443888134
0.117250192122
0.0110822945853
0.0478173015964
0.011290451244
0.00558537100806
0.020794968329
0.0564936853676
0.00627181746287
0.011290451244
0.23063422274
0.00694693809417
0.108330598843
0.00710636140227
0.0226234181927
0.0335856411307
0.00641584771652
0.19942327027
0.00976578631552
0.178943120388
0.0189110732875
0.00996794601803
0.0121135407877
0.153404561685
0.0396195183096
0.0142441055649
0.0237334568127
0.0331172111634
0.00680427967481
0.0105621765873
0.00987271490767
0.00458734612703
0.007134673202
0.0110932633057
0.00619457274702
0.0197834186446
0.755886810602
0.0214524321481
0.253364204178
0.181749912236
0.0321944016632
0.00672082191673
0.00609704076901
0.011290451244
0.0329140181519
0.00627181746287
0.0120824941999
0.00814091353345
0.0321944016632
0.0528435732695
0.0345740033992
0.0100943075792
0.0250925627105
0.0126353150666
0.00523194278375
0.0277895554475
0.0152723788554
0.138028921814
0.0109572916542
0.0088287624427
0.0321944016632
0.0150431236623
0.0531358044716
0.00694693809417
0.0514443212836
0.161527729785
0.017390720791
0.00656999052631
0.0133214547402
0.0773556230556
0.0393550259807
0.00614929714368
0.0228911463157
0.093944250531
0.225252395064
0.0200289199724
0.00898265332878
0.00543320739247
0.0973126526654
0.00577821754567
0.00619457274702
0.00627181746287
0.00828953553739
0.00955163119846
0.0161016520944
0.019352900139
0.133914616279
0.0174496849257
0.0181798874342
0.00945297375405
0.0242590736616
0.0131877376173
0.0142441055649
0.01246581509
0.0923465186527
0.0262896418864
0.0200894917288
0.0102325401647
0.0300733641116
0.0044746326191
0.00710636140227
0.00627181746287
0.0226594931657
0.0147762927875
0.0102186793813
0.0063368404127
0.254053808654
0.046977331952
0.00504189902138
0.0063368404127
0.0142441055649
0.0307416579234
0.0137717307094
0.0171833518405
0.0198841564526
0.00691273810047
0.139895847123
0.00639102626465
0.00895744054856
0.0277737051547
0.00558537100806
0.00920950484919
0.0271788290608
0.0196688218975
0.00554219571952
0.030071626894
0.0212537734467
0.157306852283
0.0227353189588
0.00697988882401
0.0599417940802
0.0063368404127
0.00535104360519
0.0337004953873
0.0150551152476
0.161477162692
0.0290664839007
0.00827864042734
0.0162557344777
0.0110932633057
0.0100036911194
0.103733286341
0.0319914090209
0.0485951825683
0.0056064545862
0.0777747932446
0.243551077121
0.0187895561206
0.248811742101
0.0280645434118
0.00980889121062
0.00694693809417
0.0121037731457
0.00911756936017
0.0628230512828
0.0142441055649
0.0109572916542
0.0226286225053
0.1781239533
0.0142441055649
0.181749912236
0.00577821754567
0.00497972627117
0.00858803212371
0.0929554781532
0.0142441055649
0.147629665481
0.0560561179317
0.0221516901003
0.00736615450869
0.0353333511663
0.0221353717779
0.0129271748561
0.0142441055649
0.00627181746287
0.118177803218
0.18318655859
0.098149327897
0.0236055021145
0.0152865320905
0.0412924944714
0.0154750350887
0.0126353150666
0.0530390866346
0.00577821754567
0.00785962228845
0.215151895684
0.0110932633057
0.0208044990191
0.0218441121516
0.049111221201
0.0162903361099
0.101628129251
0.00592291304071
0.0564936853676
0.26366153002
0.0171735824535
0.0230736294729
0.0318810292792
0.00944101690599
0.00534078213847
0.0142441055649
0.246739327804
0.0370185955848
0.00673301749156
0.0103287172616
0.0073925153495
0.00570701717266
0.46181911656
0.108330598843
0.0121479004518
0.0109572916542
0.036318125413
0.00721709619765
0.0813485651226
0.280906409283
0.00577821754567
0.0385041601307
0.0236055021145
0.585260430662
0.0238184350906
0.0236055021145
0.0172378090904
0.0236055021145
0.0329140181519
0.0193472884866
0.0469644757723
0.0128392421332
0.00627181746287
0.0145967906792
0.0100036911194
0.0130407834449
0.037078496028
0.00577821754567
0.0113836995054
0.011548393427
0.00504189902138
0.0104717601678
0.0370185955848
0.0582463224661
0.00482018009584
0.0212537734467
0.00627181746287
0.181749912236
0.0217019335506
0.0102887863476
0.0142441055649
0.00620207413071
0.106854911749
0.0220499833021
0.0216863617974
0.00888356133622
0.05182425083
0.00554416401323
0.012215631111
0.0446046514623
0.0111144195315
0.0230086434521
0.00906882312063
0.0383824041746
0.0100689119712
0.00504189902138
0.0318416404815
0.00494517228167
0.0438762799004
0.00497972627117
0.0247965320279
0.0415892208109
0.00627181746287
0.0207369673747
0.0212537734467
0.00497972627117
0.0135534071085
0.00563608303465
0.2475239987
0.200823388839
0.164453532115
0.178582158491
0.0108036563831
0.193079795016
0.147874372724
0.183721605807
0.0321944016632
0.00710636140227
0.0063368404127
0.00710636140227
0.00627181746287
0.0589017071907
0.130376571471
0.00641584771652
0.0110766188412
0.00464464281045
0.109923895286
0.00445969764957
0.0137717307094
0.013549627914
0.00992417396489
0.157306852283
0.257442723271
0.00798838203275
0.0236055021145
0.231623487162
0.0142441055649
0.00694693809417
0.00570701717266
0.0094120974222
0.0071843945253
0.0678894071699
0.0103004433994
0.178582158491
0.00461757840915
0.00881864034444
0.014127780108
0.0217339440071
0.0459068048938
0.0427201604072
0.0109143045538
0.0058554575643
0.0206943968908
0.00705049240571
0.0848610375991
0.00931647199254
0.008865767283
0.0239872089368
0.00727911187686
0.00914511491949
0.00798838203275
0.0184495345106
0.0195853119292
0.23063422274
0.0682372301703
0.00497972627117
0.00497972627117
0.215620736141
0.022094905598
0.034696951736
0.0943235433478
0.052079587669
0.183721605807
0.011290451244
0.00490375971611
0.170875461743
0.00958247473604
0.140339542888
0.00653176983179
0.0300865985577
0.0144437197477
0.0142441055649
0.0961930593833
0.234461746824
0.0213678195948
0.0126353150666
0.0388494738254
0.0195853119292
0.0165369309811
0.0122854571876
0.0176399862259
0.0346182117773
0.0393550259807
0.0375915967851
0.0206618686491
0.00480903768866
0.00498877832937
0.0142441055649
0.0135534071085
0.008865767283
0.046977331952
0.00964023059041
0.0321944016632
0.00627181746287
0.00963931134647
0.138028921814
0.0124931462123
0.0183275984213
0.00648322761535
0.0200894917288
0.030889862409
0.0488904181554
0.0151834265147
0.00627181746287
0.0173710380883
0.234333209386
0.0539751580966
0.0142441055649
0.159733672282
0.00641584771652
0.0732084564467
0.00875685658802
0.0632992773771
0.0241379257695
0.00577821754567
0.00504189902138
0.0236055021145
0.0124684647239
0.0689041474754
0.008865767283
0.00627181746287
0.00816969860135
0.00538024363788
0.00946817382564
0.00556591663144
0.0408392227457
0.0420635188107
0.0321944016632
0.0253996528941
0.0127502130521
0.013201149534
0.0142441055649
0.0243956171958
0.0106142909552
0.0180629688904
0.0201190033127
0.0380981758056
0.0063368404127
0.00842730059199
0.0278520906023
0.0142441055649
0.00710636140227
0.0903978997569
0.00577821754567
0.0144627393724
0.0066743834561
0.0231956595679
0.00659221356346
0.00413348518416
0.00575780969234
0.020754395008
0.152574552808
0.0290390839092
0.00580777442468
0.0527270077869
0.0116212718546
0.0523550253921
0.0272696157407
0.00504189902138
0.0404742099053
0.0141791628744
0.0236055021145
0.0745653536091
0.0142441055649
0.0103694324612
0.0211367554903
0.00824179679906
0.0298403867876
0.0066281652166
0.046123600277
0.00522755790747
0.0275940026825
0.0329140181519
0.00706893403296
0.0284609544775
0.0137629979991
0.0110932633057
0.0688150087688
0.00895071886045
0.0233850028269
0.00969551936388
0.0211841696517
0.00570701717266
0.00627181746287
0.0110932633057
0.00802417402334
0.0114441458089
0.00840698138223
0.0148958978601
0.0174029345152
0.00966183231696
0.0777943187992
0.14502557907
0.0174158457326
0.0300898066132
0.0142441055649
0.034696951736
0.00569160721084
0.0856780912484
0.00889169889362
0.00619457274702
0.0388980237266
0.00558537100806
0.0233266998521
0.0309403343759
0.00799048101954
0.00938968018657
0.0676387509158
0.0066743834561
0.0232158017418
0.108269512318
0.024027932243
0.018809465997
0.0475872015967
0.0154901851803
0.035950187223
0.0101149495479
0.0215572322161
0.0360593535843
0.187267397775
0.0137717307094
0.00568685935067
0.0378418272581
0.156170539062
0.0773556230556
0.00458734612703
0.0108955309967
0.0063368404127
0.010842101521
0.00638215945895
0.0177926103252
0.0321944016632
0.0195886861348
0.00641584771652
0.0150254392856
0.0548537107905
0.00738540989427
0.00627181746287
0.00446268261194
0.122052720045
0.0334177777382
0.0202474317489
0.00529855654761
0.00781908743839
0.180255605739
0.0342035777008
0.06282410613
0.0548054631109
0.281464960345
0.00558537100806
0.0050745016305
0.00969680050931
0.0323177387664
0.0063368404127
0.00710636140227
0.0225641387803
0.00752063656304
0.0063368404127
0.139895847123
0.0437606488319
0.181749912236
0.0287893061695
0.0195770092517
0.00558537100806
0.0365777258575
0.0134185772998
0.0370185955848
0.0142441055649
0.00843211390099
0.0126353150666
0.008865767283
0.00979664419992
0.0050127043476
0.0370185955848
0.0236055021145
0.0135534071085
0.00951505164129
0.116262869611
0.0710393905841
0.0277621127214
0.0342035777008
0.013024431708
0.00689398388699
0.0231956595679
0.00497972627117
0.0195853119292
0.00627181746287
0.0606030547321
0.00928610881437
0.0138563724349
0.0180629688904
0.0237936750185
0.011290451244
0.00880444712235
0.0157760855867
0.0200877725792
0.0238828815531
0.010426700241
0.0104949691079
0.0180769898927
0.017390720791
0.0340598643505
0.269831578517
0.0154552750134
0.00759313648405
0.00895744054856
0.0195853119292
0.0152825905073
0.180898049272
0.207386983686
0.0393166074201
0.0104060145735
0.0358845565884
0.0077132021734
0.0576477774207
0.0059010485413
0.0413608810997
0.0110932633057
0.149821520659
0.0188042513931
0.0913554798387
0.0323933009645
0.0321944016632
0.0229121118332
0.00577821754567
0.00895744054856
0.0146671046112
0.0236055021145
0.00694693809417
0.0329140181519
0.0348715568479
0.0622001641459
0.231629740332
0.0478789010406
0.0901598138241
0.0725839041229
0.2475239987
0.0254002239745
0.045648910517
0.0131319339634
0.0137629979991
0.0233266998521
0.00641584771652
0.0147762927875
0.0577642321078
0.139895847123
0.0400100990404
0.0231956595679
0.0321944016632
0.0314381809801
0.00700052695788
0.0281911831089
0.0194071348762
0.0382065078917
0.0184129509922
0.0108226292455
0.0294396795097
0.0231813076018
0.0113187738598
0.253250017672
0.0788000591116
0.0106037619334
0.0483725465273
0.0178324413473
0.0523541730337
0.0155550065498
0.0471224262563
0.0200894917288
0.0224363345204
0.00684976410639
0.00602193558663
0.0162258422314
0.00619457274702
0.0525023846823
0.105070625502
0.00746502749396
0.0168801483593
0.0149770790152
0.0137350316608
0.0353987155044
0.166224999248
0.00577821754567
0.00936296140581
0.0142441055649
0.0144998659468
0.197403400081
0.0114477935867
0.195485634002
0.0138743629637
0.0329140181519
0.108330598843
0.0108616048016
0.00516310763758
0.0187383733865
0.00749600537647
0.0370185955848
0.00648924744671
0.0276812880057
0.196925161841
0.00627181746287
0.0142441055649
0.0952810067983
0.0275037507943
0.0082658208385
0.215620736141
0.0176768750857
0.00529709646341
0.00624671190494
0.00641584771652
0.2475239987
0.0646398370254
0.00627181746287
0.0231956595679
0.0832736462355
0.0142441055649
0.00710399110992
0.0200894917288
0.00497972627117
0.0142441055649
0.0481169280924
0.007407004762
0.00627181746287
0.133941409113
0.132200333559
0.00627181746287
0.137474629461
0.0243373229501
0.0171538883749
0.0668760976133
0.00715850191576
0.0329269998875
0.0271788290608
0.0912932296356
0.0110932633057
0.0142441055649
0.00923259425541
0.0142441055649
0.00627181746287
0.0142441055649
0.0132031680857
0.104672545646
0.0341266304661
0.055459041696
0.0815782606672
0.0300176579834
0.18318655859
0.0304002875359
0.0321944016632
0.00971677661582
0.00814091353345
0.00895744054856
0.0113143745269
0.0244653173943
0.0188138153337
0.0230736294729
0.017390720791
0.00878679868596
0.0339927624442
0.00406013593716
0.011548393427
0.0137623354004
0.0126353150666
0.00771595028154
0.0169277700022
0.00795412559684
0.0075507759738
0.0142441055649
0.00736615450869
0.00504189902138
0.0365777258575
0.0544730730749
0.181749912236
0.013322256677
0.0238618923682
0.00745789761576
0.0142441055649
0.017274809469
0.136741131903
0.00731229070744
0.00496218001757
0.157306852283
0.0110932633057
0.043170909943
0.00938913772918
0.0329140181519
0.00928610881437
0.00619457274702
0.0172378090904
0.00447907310269
0.00557143400997
0.0108190343476
0.0219345183311
0.0111645569801
0.0119270175237
0.00672082191673
0.020824516662
0.234461746824
0.00708955959294
0.0194270876737
0.00641584771652
0.0434457200829
0.0104195099899
0.181749912236
0.00705049240571
0.0921345581314
0.00697988882401
0.0113024741538
0.0199035274846
0.00899754109935
0.029029982317
0.0101399140466
0.032519381713
0.00700354825647
0.0241991914915
0.243551077121
0.0142441055649
0.0119010454828
0.0100036911194
0.0114686615756
0.0128715354158
0.0110932633057
0.00994872198321
0.00514780829093
0.0108955309967
0.0151098190425
0.0217652531112
0.0108026409066
0.0412657873487
0.2948181565
0.00627181746287
0.149821520659
0.0211048929087
0.164453532115
0.259105035003
0.0109408740222
0.0783787847325
0.00627181746287
0.0123976747222
0.0126353150666
0.0238203398481
0.00824909084638
0.00915806122829
0.0180735536454
0.00900846793862
0.0913090293523
0.230711937612
0.0135534071085
0.0160983220599
0.0149317607991
0.0109572916542
0.0131583429089
0.0142441055649
0.0063368404127
0.0386921831464
0.00770147748807
0.0171300245483
0.100351538131
0.050632033606
0.0123068101257
0.00558537100806
0.0583068542305
0.0195853119292
0.00694693809417
0.240463617208
0.0167830451243
0.0100036911194
0.0444754093277
0.00984962015357
0.0117559536096
0.0170411136225
0.0124913609381
0.0178324413473
0.00683669297685
0.00569304811322
0.246739327804
0.0236055021145
0.0190961334349
0.0681422454914
0.00834779865364
0.154399901806
0.0256069373592
0.00998924785597
0.00842459155983
0.215620736141
0.0137717307094
0.0280645434118
0.0170278197259
0.00577821754567
0.0174206104756
0.00627181746287
0.00558537100806
0.0233549551219
0.0451286528506
0.0257317869051
0.0170467785664
0.0406814050825
0.00504260839154
0.0347068669186
0.00710636140227
0.161527729785
0.010191957359
0.157925727095
0.00915806122829
0.0142441055649
0.00619457274702
0.00575780969234
0.0632234744732
0.0582181471896
0.132850140313
0.448872828711
0.0173662773781
0.017390720791
0.00627181746287
0.050632033606
0.0187056958184
0.161527729785
0.00619457274702
0.00683405561143
0.0258906198384
0.11046684863
0.2475239987
0.00710636140227
0.0746243082892
0.00549763647393
0.0285252303381
0.0727595756451
0.020834165693
0.0149209259129
0.0097691592207
0.00504189902138
0.0201536320615
0.0113812461473
0.0142441055649
0.017390720791
0.0168157753621
0.0085900261914
0.182115857428
0.00694693809417
0.0151098190425
0.0341440925353
0.057724049532
0.0423773820278
0.0219136164147
0.0225641387803
0.0193346951167
0.0157151238468
0.00899012251665
0.00641584771652
0.234311151505
0.0496506309697
0.0321944016632
0.0329140181519
0.00570701717266
0.0153942966251
0.0109133643804
0.0220133729527
0.0378418272581
0.0104717601678
0.00850585585033
0.0628230512828
0.0202714742805
0.00694693809417
0.00577821754567
0.00694693809417
0.008865767283
0.120405423945
0.00532040891738
0.0138047591729
0.0142125631382
0.0181929346124
0.0373363036389
0.134532723162
0.00513785155762
0.0710393905841
0.0131072799755
0.00813103539846
0.00627181746287
0.0073925153495
0.00694693809417
0.0217652531112
0.0159413528204
0.0093820873268
0.0134688268828
0.0189197983095
0.0135534071085
0.00736615450869
0.0110932633057
0.0888454774806
0.00476378439001
0.0151191306714
0.008865767283
0.0402064288281
0.126357071109
0.0238686432354
0.0270966900941
0.00934484561742
0.178582158491
0.274077872839
0.0299057755915
0.00647367331267
0.00916380787352
0.0088287624427
0.0300183978004
0.00822535221408
0.00948243369443
0.022094905598
0.0230601436296
0.0334148552432
0.0865257403263
0.00627181746287
0.00817766730335
0.0439821563843
0.063208590272
0.0321944016632
0.00938312709304
0.0357873462746
0.00945777274127
0.0108200872268
0.00641584771652
0.0388494738254
0.00810021643438
0.00504189902138
0.0362686661964
0.126357071109
0.00627181746287
0.022094905598
0.0085904999101
0.014127780108
0.18318655859
0.00572850470113
0.0771510952506
0.0109572916542
0.00743068793019
0.00641584771652
0.0916831519424
0.0321944016632
0.0190898933683
0.0251511059826
0.00719115182963
0.0556084332438
0.00844702391965
0.0342035777008
0.0280645434118
0.0117520589643
0.00821952689522
0.0199541815131
0.030638457147
0.0370185955848
0.00627181746287
0.00920875553205
0.0126842593487
0.139895847123
0.0194270876737
0.0321944016632
0.0142441055649
0.0264878346857
0.00627181746287
0.00830007174005
0.0197078976908
0.00649052521751
0.0347049998767
0.1518921832
0.034655221772
0.165840855121
0.0141340930967
0.00889343497898
0.0116032905489
0.0329140181519
0.0140377387628
0.00641584771652
0.181749912236
0.0200289199724
0.0137717307094
0.0414245679863
0.00627181746287
0.0110745380133
0.0103315401723
0.161527729785
0.00683796324727
0.00839848439406
0.0320085178926
0.00577821754567
0.0116698491337
0.0188744373496
0.0310606629793
0.00504189902138
0.0387642264185
0.022094905598
0.0063368404127
0.0241379257695
0.163788048926
0.11552641292
0.181749912236
0.008865767283
0.0710393905841
0.0248497883848
0.0142441055649
0.147874372724
0.0375499692328
0.0528435732695
0.0111514293545
0.015373835009
0.0105718702738
0.00676521504372
0.0100036911194
0.165896440417
0.0113476955084
0.00695722511805
0.0599254243951
0.0142441055649
0.0142441055649
0.123754482258
0.272214197567
0.00577821754567
0.011548393427
0.093944250531
0.0237999113531
0.0180974986417
0.0345488673467
0.178582158491
0.0197078976908
0.008865767283
0.0106587683863
0.00722635737498
0.0266556640777
0.149821520659
0.00814091353345
0.00694693809417
0.10077359642
0.00829205919719
0.00790926899004
0.0072608199951
0.120769846978
0.0110932633057
0.00534517093278
0.0365777258575
0.0066743834561
0.00691450823129
0.229305100818
0.0192715464634
0.017390720791
0.270379376373
0.00627181746287
0.00710636140227
0.00494403044977
0.0088287624427
0.00705049240571
0.0126353150666
0.00550099343304
0.0102422410143
0.241995829661
0.0200289199724
0.00412597860637
0.0178285562096
0.00447907310269
0.0297216808774
0.059553064557
0.00845540971707
0.0571512502871
0.263799776859
0.0066743834561
0.0157989175138
0.0200289199724
0.0132074065995
0.012340005165
0.00698194087806
0.0136387639847
0.00547516074835
0.0370185955848
0.00955057361252
0.008865767283
0.0184009913832
0.0302354114762
0.0110932633057
0.0109572916542
0.0747410608281
0.0205033721295
0.00641584771652
0.0420315025905
0.0219940005321
0.0566713052154
0.0110932633057
0.017390720791
0.00638773328174
0.0126353150666
0.00627181746287
0.0456092922403
0.00691273810047
0.00447907310269
0.0358609701578
0.00534621060973
0.0102997130646
0.0104079688107
0.0593707226913
0.00446268261194
0.00652904414551
0.0236055021145
0.00790598696124
0.240463617208
0.00752103174269
0.00694693809417
0.0239872089368
0.0137717307094
0.0104250679164
0.0236055021145
0.0246163258594
0.0167787079449
0.0096995126727
0.00958754105885
0.0146980041604
0.00575780969234
0.0599254243951
0.0142441055649
0.200823388839
0.0382801964027
0.00730235916962
0.00410460336599
0.00495726297422
0.139895847123
0.0117599773005
0.0108476531136
0.0124014946604
0.012215631111
0.00915806122829
0.026396523431
0.0147182536079
0.00572850470113
0.0196170578595
0.00814091353345
0.137474629461
0.0221902718002
0.0142441055649
0.00447907310269
0.0206739185938
0.355838018201
0.00627181746287
0.00906882312063
0.0113693882882
0.037204978734
0.263150397079
0.106854911749
0.0419532615668
0.008865767283
0.0137717307094
0.00627181746287
0.0054329625715
0.011303071243
0.0175785847129
0.0123797293166
0.0143427778339
0.0321944016632
0.0628230512828
0.0425878045376
0.0113617205869
0.0108556578969
0.0214686029226
0.00912619820147
0.085133779603
0.103733286341
0.0310123512638
0.0443588447073
0.0109214364303
0.0408618203383
0.0182428342907
0.231070799037
0.029619227378
0.010615569268
0.0288849597407
0.00570701717266
0.00920142685824
0.008865767283
0.0921345581314
0.0063368404127
0.00938685819363
0.0191803736748
0.008865767283
0.0110833551207
0.0608753581394
0.0324656203806
0.017390720791
0.0162672932936
0.0134935288244
0.017390720791
0.0112922260616
0.0131809237962
0.0375734325405
0.00522755790747
0.0829678234573
0.0133214547402
0.00575780969234
0.178582158491
0.017390720791
0.00922238145825
0.00822143244981
0.0110932633057
0.0598920330416
0.0342035777008
0.0089967655531
0.023970428238
0.00675762895227
0.0339852681661
0.0329140181519
0.00790598696124
0.011088514789
0.0336832059403
0.0370185955848
0.0495008048752
0.0113617205869
0.274077872839
0.0077251480872
0.0195853119292
0.0255081849676
0.0125913998683
0.234461746824
0.00705049240571
0.0160345819769
0.00641584771652
0.0200289199724
0.0134395380321
0.0110932633057
0.0054329625715
0.103893716877
0.0116212718546
0.00672082191673
0.0560012421447
0.0121417918582
0.0102068402846
0.011290451244
0.209878982302
0.00663808412994
0.00710636140227
0.00577821754567
0.00907704952953
0.213457625164
0.0102391564857
0.00952037635964
0.0235200820288
0.0303674163177
0.00627181746287
0.0161599167833
0.0353781219464
0.0110932633057
0.0109572916542
0.00550378007756
0.008865767283
0.0220801372527
0.0472599431616
0.0168157753621
0.0156888877561
0.00710636140227
0.00787768347991
0.0132487889232
0.0187839718077
0.00736615450869
0.0134186125619
0.00627181746287
0.0151098190425
0.00906882312063
0.0564800082227
0.00675762895227
0.0237526408935
0.008865767283
0.0158165955905
0.00627181746287
0.00912619820147
0.0388494738254
0.0100800817828
0.394742154243
0.00915358020159
0.0122037992332
0.0044872191866
0.00710636140227
0.0134218848527
0.0110932633057
0.0142441055649
0.0196170578595
0.0114066597808
0.0231956595679
0.164453532115
0.00446268261194
0.0137717307094
0.00575780969234
0.0142441055649
0.236203607213
0.0142441055649
0.00985476589873
0.0241379257695
0.00661269310258
0.0171300245483
0.023084256147
0.00504189902138
0.259065911098
0.00558537100806
0.0154042648958
0.00624967724246
0.00798838203275
0.0342116756774
0.00710636140227
0.00836184363516
0.0087620251978
0.160880001707
0.00455320863864
0.23063422274
0.0576477774207
0.00446268261194
0.00928610881437
0.0136765667991
0.00944101690599
0.200823388839
0.0621380615713
0.181749912236
0.0244953031965
0.0142441055649
0.0137717307094
0.0791368060128
0.0200289199724
0.0126895457882
0.00763237303053
0.0114055202992
0.00638531084749
0.00467525092505
0.00906882312063
0.0066743834561
0.0126842593487
0.00790598696124
0.0231956595679
0.00906882312063
0.0135534071085
0.0341786547284
0.0135534071085
0.0142441055649
0.0336641328497
0.269831578517
0.0277895554475
0.0132031680857
0.00754334340237
0.0251759145103
0.0104079688107
0.00786401769626
0.35403315994
0.008865767283
0.241995829661
0.00504189902138
0.0335603817787
0.151865072492
0.0725776198186
0.0137737670967
0.0149430779021
0.0811351335366
0.0206797891107
0.00656999052631
0.008865767283
0.0154321017453
0.00617941771513
0.0110932633057
0.00682396592958
0.0200894917288
0.0211467095973
0.00497972627117
0.00817005427388
0.0144907439188
0.0129203942812
0.00652984155398
0.0182938551543
0.00495726297422
0.00710636140227
0.11552641292
0.0197856140899
0.011290451244
0.0137717307094
0.257327332156
0.0063368404127
0.0066743834561
0.052079587669
0.0180036935092
0.0110932633057
0.0289085099168
0.00816969860135
0.012215631111
0.00627181746287
0.0325930557256
0.00928610881437
0.0134698244042
0.0068490868607
0.0114659363656
0.0191190867668
0.0183680881651
0.0231956595679
0.0137717307094
0.164910465107
0.161527729785
0.0326197213538
0.00793212982475
0.0212537734467
0.0102325401647
0.0358609701578
0.0528435732695
0.00641584771652
0.00700231440159
0.0246324753947
0.017390720791
0.00788404734101
0.00627181746287
0.00627181746287
0.0445239003209
0.052255405637
0.0122854571876
0.0069749742348
0.0110932633057
0.149821520659
0.00694693809417
0.011290451244
0.0249966519461
0.0142441055649
0.0219645611707
0.0262072892091
0.030281995026
0.0169856783146
0.0212955830728
0.00732910241089
0.00563351097774
0.0332503717069
0.030281995026
0.0285654550196
0.00934628543885
0.0127998549161
0.0137717307094
0.0229121118332
0.0198713162543
0.0111459071829
0.0106432274846
0.178582158491
0.0155104392701
0.0412700348777
0.00655280504175
0.0105760227571
0.00558537100806
0.00627181746287
0.101756200909
0.0114203390063
0.00641584771652
0.20696350723
0.00464464281045
0.00406013593716
0.00771889640026
0.132850140313
0.00572983702261
0.0085904999101
0.0142441055649
0.0492898085967
0.0528435732695
0.00694693809417
0.00906882312063
0.0073925153495
0.0153407805542
0.0227082906297
0.00627181746287
0.00446268261194
0.00906882312063
0.00736615450869
0.0166722333992
0.0355388404226
0.0431732269256
0.0108556578969
0.00575780969234
0.0110932633057
0.00816969860135
0.0142441055649
0.008865767283
0.00619457274702
0.0135534071085
0.026563584892
0.008865767283
0.0142441055649
0.0236055021145
0.0236055021145
0.0142441055649
0.0302617536076
0.0117358453626
0.0809754843033
0.00895088694406
0.0137717307094
0.182115857428
0.0227082906297
0.0781708900055
0.0110520570427
0.0133214547402
0.00577821754567
0.00710636140227
0.178582158491
0.246739327804
0.0204486808827
0.00817766730335
0.037391534012
0.124250377436
0.0127593148321
0.00752063656304
0.0144768515689
0.00446268261194
0.0118243798101
0.0211647074238
0.061946877195
0.0321944016632
0.00504189902138
0.0163490752199
0.0370185955848
0.00829094135935
0.00682759498911
0.017390720791
0.0119094838424
0.0107087551615
0.00290383043189
0.00787768347991
0.0195853119292
0.0357972558086
0.0435538047225
0.00627181746287
0.0193223226706
0.0156661804947
0.00694693809417
0.0365777258575
0.0295157782473
0.161527729785
0.139895847123
0.0212933061862
0.00641584771652
0.0989510639576
0.166224999248
0.00653176983179
0.063821207142
0.0321944016632
0.00577821754567
0.141296289745
0.0131429071794
0.00641584771652
0.0142441055649
0.0195853119292
0.0142441055649
0.0486798152915
0.00875685658802
0.0179989133181
0.0162227017065
0.00933003834015
0.00807099565784
0.0965854364663
0.0271788290608
0.012011252173
0.0101519196347
0.051913427894
0.19122533418
0.00895448608744
0.0110745380133
0.0198961790457
0.02298330082
0.0764702694196
0.0100036911194
0.103268594786
0.0227572726993
0.0539885976056
0.188869856377
0.0126353150666
0.0053505327155
0.0113182056476
0.026485673171
0.0308649230535
0.0236055021145
0.0149971555764
0.0142441055649
0.0219645611707
0.00787525398491
0.00906882312063
0.149821520659
0.0139995781683
0.00497972627117
0.008865767283
0.00913289818718
0.164453532115
0.0300506996104
0.00619457274702
0.25486445708
0.0189042212694
0.0126802339188
0.191687290433
0.0213678195948
0.00882397826271
0.00627181746287
0.00907634545982
0.0194843368871
0.008865767283
0.0224363345204
0.212313435238
0.0241792405932
0.00627181746287
0.00577821754567
0.00890030808413
0.0631988198841
0.0069103445225
0.00627181746287
0.011290451244
0.00895744054856
0.0169063948355
0.052255405637
0.0358609701578
0.00736615450869
0.095011851331
0.0126353150666
0.00906882312063
0.0241714931212
0.0235352881584
0.0137717307094
0.0096491758595
0.0310605272477
0.0112010150795
0.017390720791
0.0127541425917
0.00830459908946
0.00568685935067
0.00440762066417
0.0773556230556
0.0283910802282
0.0109572916542
0.183721605807
0.00572850470113
0.0391109629969
0.0938966505396
0.0187383733865
0.00617941771513
0.00620460215224
0.00705049240571
0.00933028812683
0.0066743834561
0.0124834688172
0.008865767283
0.00943324931258
0.0067282231285
0.0105231871507
0.0358609701578
0.0246705146881
0.0224363345204
0.0423817431527
0.0185078137054
0.0516870103651
0.0110932633057
0.243551077121
0.0281497169185
0.0142441055649
0.00496218001757
0.458675443619
0.154660649194
0.00816969860135
0.012707669089
0.0214906301451
0.0231644376518
0.0208074591088
0.00458734612703
0.0438762799004
0.00697125891034
0.0370185955848
0.017390720791
0.0373516108767
0.00806194884592
0.0241379257695
0.0100036911194
0.0129060491242
0.00641584771652
0.0215850760713
0.00627181746287
0.00524890275954
0.180898049272
0.156170539062
0.00906882312063
0.0158539963991
0.00847230642032
0.0177840912807
0.0199524902487
0.0108402790982
0.00497972627117
0.00976578631552
0.0121149440402
0.0754183303213
0.00643242860852
0.00782918309472
0.0329140181519
0.00694693809417
0.0593156516196
0.0593707226913
0.00627181746287
0.00458734612703
0.008865767283
0.00686614924386
0.0112448435466
0.0077132021734
0.00640582978409
0.025608005847
0.0109297277943
0.020127913936
0.0182481716259
0.0110912411148
0.0432725669883
0.00497972627117
0.0945629684134
0.00627181746287
0.00768754130973
0.0050745016305
0.041543160141
0.00826164310452
0.0176545743142
0.0150984488054
0.00577821754567
0.934702165632
0.0101937235466
0.0195853119292
0.00558537100806
0.0388494738254
0.0381561922815
0.0063368404127
0.0180607533494
0.0157337524838
0.00927741967738
0.0501262251967
0.0321944016632
0.0851339701161
0.0135534071085
0.0145089499252
0.00641584771652
0.0370185955848
0.103629477834
0.00619457274702
0.0229318214074
0.0315815759749
0.0370640493538
0.00593929568528
0.110236852197
0.012215631111
0.0150551152476
0.00504189902138
0.035804077948
0.0102193715824
0.0221847713304
0.032519381713
0.0126353150666
0.0321944016632
0.202373513579
0.0110674037392
0.00621930314511
0.0269526236509
0.00654455146286
0.0184190426878
0.178582158491
0.0276812880057
0.0805934153131
0.126750987413
0.0102251639132
0.00945186342469
0.0158434887902
0.0236055021145
0.00998534040618
0.0894084214028
0.008865767283
0.0170278197259
0.232146087972
0.00664953800258
0.0434084562557
0.0102325401647
0.0321944016632
0.00787525398491
0.0321944016632
0.0934306860073
0.022094905598
0.0133214547402
0.0308442074677
0.0420420617282
0.0274535455907
0.0132031680857
0.0205033721295
0.00627181746287
0.119953563162
0.00444778734972
0.00787525398491
0.0143020996157
0.0587144091357
0.00675469396671
0.209878982302
0.0153519753202
0.00906882312063
0.017390720791
0.0622001641459
0.00928389544439
0.240463617208
0.00711245965348
0.0225641387803
0.209878982302
0.280906409283
0.00504189902138
0.00627181746287
0.011290451244
0.0191503993639
0.0106702308044
0.0443588447073
0.0321944016632
0.0274548176574
0.0169158565558
0.00627181746287
0.0203618605931
0.0280645434118
0.0157469037061
0.0130086383609
0.0231087646697
0.00691273810047
0.0710393905841
0.00490880456311
0.290115852098
0.010720753632
0.0196225890758
0.00675762895227
0.00710636140227
0.00440762066417
0.0172378090904
0.00497972627117
0.00446268261194
0.0197433880761
0.0075507759738
0.00497972627117
0.0142441055649
0.0237555275077
0.00872421411361
0.00548512881972
0.0108036563831
0.0103004433994
0.0110932633057
0.012011252173
0.0118563134997
0.0109572916542
0.00558537100806
0.00570701717266
0.0198018085891
0.00575780969234
0.0200199620997
0.00892186927131
0.253036677578
0.039338289734
0.0142441055649
0.0135705767329
0.00646143725809
0.0593707226913
0.0108192771533
0.00761747545821
0.00892186927131
0.00577821754567
0.108330598843
0.0121602462961
0.0149683936785
0.0390984703513
0.0110932633057
0.0353781219464
0.0231956595679
0.008865767283
0.234728792717
0.0628230512828
0.0073925153495
0.0255938472573
0.0102401999973
0.0152825905073
0.0213603893818
0.00640180813984
0.00508976917309
0.119734023125
0.0122854571876
0.0107383293022
0.0142441055649
0.0942122921729
0.00627181746287
0.0228370498175
0.0107123352503
0.2139041229
0.0353869708622
0.0063368404127
0.0113652737198
0.0142441055649
0.00627181746287
0.012215631111
0.0110932633057
0.012215631111
0.00983518702791
0.00627181746287
0.00955057361252
0.0345084581035
0.0347555374284
0.00445969764957
0.0261080843272
0.0121294011409
0.0319630913912
0.0374492159486
0.0130240092867
0.052079587669
0.00494403044977
0.00617941771513
0.0662660753613
0.0202310500175
0.00833966580418
0.00998924785597
0.0126353150666
0.18318655859
0.164453532115
0.0277895554475
0.61038847479
0.0264943542431
0.0102325401647
0.00763237303053
0.118745173274
0.00411087487599
0.0169856783146
0.02036863509
0.00641584771652
0.0218095505304
0.29929648356
0.00570701717266
0.00592291304071
0.029619227378
0.0239061196633
0.0110932633057
0.0631988198841
0.0110932633057
0.011548393427
0.0271383958767
0.178582158491
0.0109535551174
0.0114069075314
0.0176825062489
0.00814091353345
0.0469367745348
0.0128091110454
0.0200247539175
0.0353333511663
0.0142876815129
0.0278083529875
0.0335782334894
0.0965854364663
0.0085904999101
0.0370758627839
0.0132487889232
0.0353333511663
0.181749912236
0.170129746687
0.114847982834
0.046103463482
0.0256633467172
0.0376767159117
0.0411565451693
0.00641584771652
0.00577821754567
0.0674965747465
0.00558537100806
0.014505549389
0.0126353150666
0.00984715715277
0.0063368404127
0.0710393905841
0.0280645434118
0.0517816096843
0.0101371333017
0.149821520659
0.00892186927131
0.0421050830173
0.0321944016632
0.0283345369076
0.00708331634524
0.241995829661
0.0578704065855
0.0110283656573
0.00444778734972
0.0169856783146
0.00895744054856
0.011290451244
0.0102550596316
0.0126353150666
0.0331172111634
0.00641584771652
0.0773362946323
0.0443588447073
0.18318655859
0.0274680766071
0.0628230512828
0.00694693809417
0.00568685935067
0.011290451244
0.0378418272581
0.178243531373
0.0329140181519
0.00694693809417
0.0105660889421
0.00518236752129
0.0308504241515
0.0188915739154
0.0221141407804
0.0108252122132
0.012215631111
0.0831223726862
0.0109572916542
0.0126353150666
0.023059313684
0.29929648356
0.0200894917288
0.0370185955848
0.0132992888334
0.00627181746287
0.0252119409206
0.00627181746287
0.00627181746287
0.269831578517
0.00912619820147
0.0256884817053
0.00771595028154
0.0110932633057
0.0719725279002
0.00695752891613
0.108330598843
0.0651298922157
0.0666533656087
0.00710636140227
0.011290451244
0.00694693809417
0.0804836743611
0.0142441055649
0.00765207613961
0.00810913926277
0.010158087308
0.0230942473403
0.0416281849156
0.0291819847499
0.0219645611707
0.0336832059403
0.00762051372007
0.0296241914231
0.110970654503
0.00943324931258
0.020571007411
0.0295726422499
0.0063368404127
0.0303872231154
0.04425079984
0.0148072604913
0.0166500921112
0.0046746886969
0.0181094767545
0.191687290433
0.0277719262134
0.00497972627117
0.0101505352671
0.0132031680857
0.0112158872363
0.0193886156134
0.0445468649943
0.00411087487599
0.00504189902138
0.0277737051547
0.173130221836
0.0321944016632
0.00619457274702
0.0106002436174
0.00816969860135
0.0246929324945
0.0248752591155
0.0236055021145
0.0127541425917
0.029907014246
0.0832736462355
0.0102325401647
0.00523471956751
0.00558537100806
0.00694693809417
0.0321859352628
0.00446268261194
0.014491003107
0.011290451244
0.0150551152476
0.00585301243821
0.272214197567
0.00617941771513
0.00496218001757
0.0066743834561
0.0135917059473
0.0128715354158
0.0135534071085
0.0620928326905
0.108330598843
0.0355249476021
0.00694693809417
0.0050745016305
0.0101815201276
0.026478889898
0.153374190093
0.137474629461
0.0346363686411
0.0214118929099
0.0063368404127
0.259105035003
0.00958044179692
0.00798838203275
0.00675762895227
0.00638215945895
0.0126353150666
0.0241379257695
0.00627181746287
0.00627181746287
0.0225252174487
0.0337800907007
0.0347817788879
0.0233751453278
0.0245944340089
0.00694693809417
0.00855809685293
0.0205483394222
0.19942327027
0.0321944016632
0.138056750207
0.0100358277563
0.0262289980739
0.00819675450386
0.0429599273305
0.00750029079342
0.246739327804
0.0777943187992
0.0254081830777
0.00575780969234
0.00771595028154
0.0133214547402
0.0321944016632
0.0753403319207
0.0353230430791
0.0135534071085
0.166510629301
0.0147623976593
0.112181097854
0.00627181746287
0.00457203668167
0.0169856783146
0.0214222284463
0.00575780969234
0.00446268261194
0.0104059956738
0.0402453876771
0.232477889178
0.270379376373
0.00641584771652
0.0833098322578
0.0358285605076
0.0113563278043
0.0144695891555
0.022094905598
0.183721605807
0.0971358253928
0.0528435732695
0.00826913725425
0.00822143244981
0.039338289734
0.0218121264697
0.0174448942902
0.00446268261194
0.146158480795
0.057724049532
0.0353333511663
0.0242814665821
0.00906882312063
0.00910829437694
0.149821520659
0.013024431708
0.0058554575643
0.0965854364663
0.022843154722
0.0217966085977
0.0142441055649
0.0172512640518
0.21707750306
0.00992798629733
0.00497972627117
0.0066743834561
0.0069885515469
0.0528435732695
0.0282338788391
0.0362686661964
0.213457625164
0.0634873295845
0.0142441055649
0.0195436497753
0.245329137377
0.0104721581865
0.0506226900293
0.0334900878448
0.175029153408
0.00868086345241
0.0639561357371
0.0135534071085
0.011290451244
0.0243146350766
0.00446268261194
0.0142441055649
0.00896453714434
0.0114251422847
0.00661126810345
0.088835006579
0.255428207355
0.00917559614722
0.00958044179692
0.021503914641
0.013024431708
0.095011851331
0.0142441055649
0.0150746599981
0.00588070980759
0.00458734612703
0.00641584771652
0.0292013026697
0.0403274603282
0.00497972627117
0.0989129589167
0.00854542348277
0.0236055021145
0.0137717307094
0.00504189902138
0.00777006238138
0.139895847123
0.0172378090904
0.0297216808774
0.0142441055649
0.0126842593487
0.0142441055649
0.0269211074845
0.0154750350887
0.0073925153495
0.2883731877
0.011290451244
0.00619457274702
0.0145365396004
0.00497972627117
0.008865767283
0.0109572916542
0.0329140181519
0.0110932633057
0.0112998019956
0.00710636140227
0.0137717307094
0.0278683056221
0.028106149247
0.153829614385
0.0400430729168
0.0110932633057
0.00641584771652
0.169208819236
0.0253477232031
0.00627181746287
0.0361679144963
0.00836967413723
0.0873779306639
0.0651005838406
0.0280645434118
0.0104095137818
0.00737641933681
0.0100183082631
0.0116728024213
0.0194897248318
0.0102422410143
0.0236055021145
0.248811742101
0.00497972627117
0.0133413915084
0.0543791488104
0.0142441055649
0.00692283418756
0.0167787079449
0.00800253672814
0.0236055021145
0.0142009534881
0.0874675242137
0.0141610610738
0.0872453659844
0.0200289199724
0.0501262251967
0.00537276332276
0.00787024035623
0.00470483382569
0.0101070419108
0.00558537100806
0.0155912254008
0.0237832358814
0.257327332156
0.0183654854521
0.0108036563831
0.0198313532529
0.0295245953562
0.0301857751771
0.00504189902138
0.00653176983179
0.0142441055649
0.183426814494
0.161527729785
0.00697328707675
0.00746909221307
0.184345143117
0.0197078976908
0.069493371567
0.0126109108071
0.0681011818139
0.00934725001827
0.0100751958394
0.00641584771652
0.008865767283
0.0083119048846
0.0411094695312
0.0200894917288
0.0043929083733
0.0102977775034
0.0117040286554
0.0142441055649
0.0407220015111
0.0386897081173
0.0628230512828
0.022094905598
0.0133339079597
0.00866013116896
0.00736615450869
0.0142441055649
0.252841794814
0.00641584771652
0.034455931776
0.0306192987306
0.0233390943831
0.0228928276743
0.257599680015
0.0126353150666
0.017390720791
0.0171883567842
0.0594198337034
0.0386436432994
0.0388481194222
0.0321944016632
0.0191825311126
0.00440762066417
0.0210983793155
0.0240462009565
0.0102631045035
0.0100036911194
0.0236055021145
0.0390984703513
0.0556292373812
0.00577821754567
0.0233266998521
0.0226955092619
0.0110932633057
0.0315360325855
0.008865767283
0.00619457274702
0.00840466161198
0.0135278918859
0.0294396795097
0.0129939770087
0.008865767283
0.0186761799615
0.0108036563831
0.0137717307094
0.00612774361913
0.0175428381515
0.00708331634524
0.0902151040061
0.012011252173
0.0358788570977
0.0118425188708
0.014511926212
0.00446268261194
0.00641584771652
0.0154321017453
0.108330598843
0.0858586339752
0.00830904265093
0.00526435761841
0.0268835515509
0.100805642315
0.00641584771652
0.0268589835529
0.0145069672808
0.0110932633057
0.00694693809417
0.0929554781532
0.00627181746287
0.00736615450869
0.231342574176
0.008865767283
0.0173890003812
0.0268519570215
0.00568685935067
0.0217652531112
0.0063863626534
0.0321944016632
0.0113617205869
0.00710636140227
0.178582158491
0.0115404958896
0.00971549852046
0.0663351037038
0.012011252173
0.00619457274702
0.0110932633057
0.0228274275519
0.0262247050648
0.0152825905073
0.0079211406046
0.00974710627787
0.0241379257695
0.0063368404127
0.0217234217789
0.00577821754567
0.0063368404127
0.00556623925074
0.0302566944845
0.0364097743966
0.00627181746287
0.0066743834561
0.0231956595679
0.0162145757696
0.00694693809417
0.0384134531069
0.00937362528341
0.0276033614491
0.00760375944502
0.0157401636851
0.0323933009645
0.00440762066417
0.0142441055649
0.00585301243821
0.00816969860135
0.010541895931
0.00933798167729
0.200823388839
0.0321519211781
0.00513785155762
0.0142441055649
0.093944250531
0.00972520235899
0.251612512572
0.00840793117028
0.00694693809417
0.0885933660449
0.206100761069
0.0224236558046
0.216590108872
0.00959773294163
0.0363961380035
0.0245590143338
0.0236055021145
0.0171300245483
0.0202798761543
0.00509038288502
0.0145697399452
0.177744025865
0.28286582151
0.178582158491
0.0120870158443
0.0110932633057
0.00640950099563
0.0517744771019
0.0223562340868
0.0651579816194
0.0276572295873
0.0073925153495
0.014586324235
0.234461746824
0.0820282576109
0.0060393601078
0.0730676200327
0.00653202537926
0.0321944016632
0.0141055961944
0.0142202202843
0.0150949992066
0.00701688877255
0.0180388883071
0.0142441055649
0.00694693809417
0.18318655859
0.0282491682562
0.0105511733683
0.0109557118172
0.0321944016632
0.0131900091669
0.0106846077908
0.0187762056655
0.253250017672
0.0102325401647
0.00705049240571
0.00536321027812
0.197496700638
0.0564936853676
0.00619456616906
0.0050745016305
0.0297216808774
0.0265204040608
0.0231956595679
0.080011691617
0.0124137101719
0.0303118178841
0.017390720791
0.0180664464634
0.0137717307094
0.0100377988442
0.0390984703513
0.0913222938098
0.0254895618643
0.011245955828
0.0124340091376
0.0184704616156
0.0058554575643
0.0128233838031
0.104932826496
0.0201159171045
0.00627181746287
0.0390984703513
0.0378418272581
0.023288774666
0.022094905598
0.0209027394042
0.017360082472
0.024530891665
0.0105429340791
0.0200289199724
0.0149161191626
0.161527729785
0.008865767283
0.00946163960062
0.0264683859001
0.0276897359239
0.00641584771652
0.0111144195315
0.0682288826263
0.0420302175069
0.00900073569002
0.0500166982789
0.00575780969234
0.0196426991039
0.00740750859362
0.0135534071085
0.0262896418864
0.0718739903656
0.0104717601678
0.0142441055649
0.232907835605
0.778889086249
0.0172378090904
0.0773556230556
0.019808954825
0.00641584771652
0.013024431708
0.0954651235693
0.0247874317461
0.0230736294729
0.0112095396234
0.0218209140767
0.052929638875
0.0113462725394
0.0142441055649
0.0248204042915
0.0925971652934
0.0153915781713
0.039283809513
0.0251821020886
0.0142441055649
0.011290451244
0.169208819236
0.0225641387803
0.01501283902
0.0063368404127
0.0261349840564
0.0221153640834
0.00534621060973
0.0073925153495
0.0139759035241
0.0102422410143
0.0172378090904
0.0306097600237
0.00497972627117
0.045415741283
0.020824516662
0.216590108872
0.00931611036767
0.0531341585825
0.232477889178
0.0478206974994
0.232146087972
0.00619457274702
0.00671597195447
0.0125878738927
0.00736615450869
0.258431807392
0.00917641190653
0.0353781219464
0.109960512785
0.0162642002132
0.0130949304027
0.145688108062
0.00641584771652
0.0071520005113
0.00592602338283
0.00709330902586
0.0187906493875
0.0377718568821
0.00627181746287
0.022094905598
0.0612486335388
0.0386449947673
0.0634610422806
0.0393550259807
0.00504189902138
0.00674076752035
0.0110932633057
0.157306852283
0.00763237303053
0.00619457274702
0.0280645434118
0.00627181746287
0.14502557907
0.00627181746287
0.00458734612703
0.156170539062
0.108330598843
0.011290451244
0.010191957359
0.0236055021145
0.156633372564
0.029619227378
0.181749912236
0.164453532115
0.0142441055649
0.0628230512828
0.0081594669359
0.178582158491
0.00710636140227
0.0156661804947
0.0329140181519
0.00691633897699
0.00816969860135
0.0126353150666
0.00816969860135
0.0134772476192
0.0135534071085
0.008865767283
0.0176719141606
0.018223804554
0.00652904414551
0.0061073249145
0.0213532238673
0.0106037619334
0.11910977828
0.0117335029884
0.0148803400628
0.0134326700844
0.0076536690844
0.0771510952506
0.011290451244
0.0137717307094
0.00497972627117
0.0169127499403
0.036853518053
0.00497972627117
0.00775436981355
0.0210805026907
0.0321944016632
0.096334117633
0.181749912236
0.113352985628
0.0231956595679
0.0108830956469
0.0204353150882
0.0306855753415
0.00616646676201
0.0319957624558
0.232477889178
0.0058554575643
0.0230736294729
0.0250925627105
0.170279236926
0.00641584771652
0.00514780829093
0.0137717307094
0.0195853119292
0.0259186134138
0.181749912236
0.0329140181519
0.00731379576193
0.00971127987853
0.0107451052004
0.0280645434118
0.246739327804
0.019751706439
0.229098087215
0.0231292022571
0.0734622518306
0.0135534071085
0.0126353150666
0.0245018384572
0.00879659556715
0.0266721847605
0.00627181746287
0.0743904947968
0.00816969860135
0.0301754155075
0.0142441055649
0.0100115881616
0.042352603642
0.0504712650579
0.21925806387
0.0129061670124
0.0253996528941
0.00724131684123
0.197403400081
0.00694693809417
0.016160093212
0.161527729785
0.079959368331
0.149821520659
0.0236055021145
0.00868651609128
0.12119967849
0.00807099565784
0.0223851190854
0.0596929342217
0.0414024654104
0.011290451244
0.181749912236
0.008865767283
0.0110932633057
0.018969929647
0.00591709098991
0.0251446767166
0.0115440521698
0.181971191818
0.00710636140227
0.0589017071907
0.00640180813984
0.00627181746287
0.0251776879097
0.018040583328
0.126357071109
0.0996036402573
0.238240647099
0.0877774118981
0.0313244204814
0.034696951736
0.00643242860852
0.011462735646
0.00641584771652
0.00694693809417
0.0110900516428
0.0137717307094
0.00705049240571
0.0189162677551
0.052079587669
0.0358609701578
0.012215631111
0.00791580163802
0.178582158491
0.0228817239644
0.0126353150666
0.0127644078606
0.0573305932306
0.00800868078836
0.0230736294729
0.00517194467362
0.108330598843
0.0168157753621
0.0135982626514
0.0815766663721
0.0425059639928
0.0571266741143
0.0125437820767
0.00577821754567
0.19271039043
0.0133214547402
0.0127905108143
0.139895847123
0.00652904414551
0.107703993356
0.0195770092517
0.0348687288433
0.00829366647436
0.0151805352932
0.0376495461832
0.0101480874311
0.0466030192621
0.00659558198325
0.182115857428
0.00789054249621
0.0086430491634
0.018319246245
0.0299102422603
0.0396195183096
0.00504189902138
0.0144498356014
0.0105444603344
0.0110932633057
0.0426623064276
0.138056750207
0.149821520659
0.0438672129523
0.0105661129797
0.0311327057922
0.0110932633057
0.00494562584649
0.163492764649
0.0247685857084
0.00584924521091
0.0365777258575
0.00959688943808
0.017390720791
0.0224363345204
0.011290451244
0.00600835867029
0.108330598843
0.0231956595679
0.00627181746287
0.232907835605
0.0293413606835
0.00892186927131
0.00887717155684
0.00694693809417
0.0222918393686
0.0140872938879
0.00558537100806
0.0266856421119
0.011587237319
0.00909725498831
0.0510827596985
0.00627181746287
0.0063368404127
0.0321944016632
0.0219645611707
0.00998265285933
0.0555900301618
0.0353710918174
0.0325405453122
0.0198735093263
0.00816969860135
0.0489314566727
0.0208208391103
0.0197434298265
0.0134576709251
0.0241333914205
0.0271788290608
0.0250301781533
0.00446268261194
0.00803203488581
0.11552641292
0.0493479223194
0.017999958541
0.0104207705106
0.0352503557133
0.0173650503549
0.00880016788009
0.246739327804
0.00950731223257
0.00446268261194
0.017390720791
0.0212943530407
0.0133214547402
0.00687834123965
0.0200289199724
0.104672545646
0.0325930557256
0.017390720791
0.00816969860135
0.0079429632153
0.0142441055649
0.00710636140227
0.0390984703513
0.00912056535022
0.0142441055649
0.0255762122992
0.0184313705607
0.00485008480273
0.178582158491
0.0133876893618
0.00577821754567
0.0374426174438
0.00923259425541
0.0488780561516
0.0142441055649
0.00899377128567
0.0321944016632
0.0346182117773
0.00570701717266
0.00558537100806
0.013024431708
0.026042371649
0.0676295919473
0.195485634002
0.00619457274702
0.0147202645244
0.0110932633057
0.00885303868248
0.00888356133622
0.0142441055649
0.0269624112234
0.00641584771652
0.00497972627117
0.0215448277758
0.0142441055649
0.0197856140899
0.0361662423433
0.0230736294729
0.00773150790261
0.0866335263305
0.0163851461504
0.0188420723261
0.00753462315296
0.00497972627117
0.0212537734467
0.120769846978
0.00946354150707
0.204456144357
0.18978116129
0.0142441055649
0.017970148818
0.280906409283
0.00928610881437
0.0521183062166
0.017390720791
0.0100152139678
0.0134721307184
0.03348131793
0.117476737338
0.00558537100806
0.207934171905
0.0126575131037
0.0241066896191
0.0370185955848
0.0200289199724
0.078634646509
0.132200333559
0.0201542252285
0.00627181746287
0.166224999248
0.0229936963644
0.0419565015777
0.0100036911194
0.263728555308
0.00912619820147
0.0177822581602
0.0223190115829
0.0519716450644
0.0179971117848
0.00627181746287
0.0674810940458
0.0172378090904
0.0341194392618
0.00504189902138
0.0110520570427
0.0314657480076
0.0832736462355
0.138028921814
0.0321944016632
0.00535789799208
0.00745012411649
0.017390720791
0.0125146901563
0.0378418272581
0.0541940279474
0.0338455057259
0.00943324931258
0.0939769254659
0.00497972627117
0.100622589213
0.00620460215224
0.0512543302611
0.00736615450869
0.0109241488768
0.00955057361252
0.00889343497898
0.0579107124711
0.270379376373
0.00497972627117
0.0153907416807
0.0457526977407
0.0583568211805
0.0076710719483
0.00830965773494
0.046977331952
0.0227082906297
0.0235939873375
0.0109572916542
0.00800851571799
0.0515721785029
0.0558568707319
0.0227082906297
0.0254210971165
0.0174459075597
0.127678481003
0.052079587669
0.0199368292258
0.00627181746287
0.0168084696142
0.0063368404127
0.00496311385655
0.0102210560715
0.0611450790843
0.0314833552806
0.0128100537474
0.0271788290608
0.0374530997732
0.0837608049551
0.00663808412994
0.00592291304071
0.00694693809417
0.0142441055649
0.0195853119292
0.0464221715288
0.00972606222814
0.0123068101257
0.0237526408935
0.0124625205911
0.00627181746287
0.0133061488582
0.0370593704789
0.0123237193731
0.00734715852538
0.00568685935067
0.0591288750398
0.0137717307094
0.00694693809417
0.0157151238468
0.0334534695514
0.243551077121
0.0145134642376
0.00605465221414
0.0142441055649
0.011290451244
0.0572086639436
0.0133942775915
0.00789129541392
0.00644943959661
0.0416770805613
0.0336641328497
0.0217675299482
0.229098087215
0.178582158491
0.00705049240571
0.0205033721295
0.232907835605
0.0066743834561
0.0153395330113
0.0329140181519
0.013688857828
0.00577821754567
0.38678030896
0.010872496499
0.0190979010809
0.195485634002
0.0132031680857
0.0231956595679
0.0121529451165
0.0100036911194
0.248811742101
0.00906882312063
0.00918570105216
0.00641584771652
0.0845159917716
0.0280645434118
0.0307238909019
0.0231956595679
0.0579877954992
0.00592291304071
0.194116535705
0.102733773756
0.00855238979788
0.00659022870734
0.274077872839
0.0457315086911
0.215151895684
0.0628230512828
0.010553324123
0.139895847123
0.0190739646305
0.0192166800587
0.0390984703513
0.00943324931258
0.00653202537926
0.0777943187992
0.00551815477749
0.0244953031965
0.0243986279121
0.0584391989357
0.0201764817038
0.012011252173
0.00713625870772
0.018654272509
0.161527729785
0.113352985628
0.0234354023522
0.0866427335832
0.0420302175069
0.011269731133
0.0218646649307
0.181749912236
0.234461746824
0.047814017543
0.0110932633057
0.0142441055649
0.00641584771652
0.037391534012
0.008865767283
0.202235713275
0.00973039614148
0.00641584771652
0.0119713575034
0.0402780743188
0.00691273810047
0.0154997100834
0.0172508170921
0.285822663928
0.0227082906297
0.0089151374636
0.0121666238552
0.0139380727106
0.142690790328
0.0100036911194
0.0554448174479
0.0124266896491
0.00497972627117
0.0651096853408
0.0135534071085
0.008865767283
0.0331172111634
0.0222211395371
0.0195853119292
0.0171300245483
0.0476152132799
0.492151410623
0.0103083877852
0.155411248019
0.0069103445225
0.0214178834744
0.0258619988457
0.13936046047
0.0231956595679
0.0167787079449
0.183502355614
0.00627181746287
0.11910977828
0.0255569659986
0.00649847665243
0.0157151238468
0.011290451244
0.0135534071085
0.149821520659
0.00790598696124
0.178943120388
0.0126353150666
0.0126353150666
0.00510235888152
0.00627181746287
0.00694693809417
0.00619457274702
0.00864848431475
0.0153611079354
0.0651724317863
0.12874363354
0.0100603820645
0.0625674522494
0.0308923484886
0.02535179262
0.234461746824
0.00710636140227
0.89581761569
0.00663062341383
0.00694693809417
0.0115126258915
0.0168624797652
0.132779276709
0.0063368404127
0.00726786272265
0.0130821196261
0.0321944016632
0.0241379257695
0.204703099475
0.0487973944359
0.0856221767259
0.208722145776
0.00524894937746
0.00710636140227
0.011548393427
0.011290451244
0.0211286999661
0.0125378713897
0.0143632220731
0.0241379257695
0.00592291304071
0.0145878068351
0.0319975781953
0.0104060145735
0.00642618947303
0.259528402666
0.0473624922036
0.0361830040051
0.0280645434118
0.0419565015777
0.195485634002
0.0219645611707
0.252841794814
0.0066743834561
0.00906882312063
0.00592291304071
0.270379376373
0.0142441055649
0.253465186738
0.0139488009196
0.00619457274702
0.104932826496
0.0110932633057
0.00549763647393
0.108330598843
0.180898049272
0.0208526640819
0.019699238054
0.0110524583954
0.0133214547402
0.0176252892632
0.00662277197626
0.00556372399325
0.0403681545891
0.139895847123
0.0126353150666
0.0109751885147
0.0137717307094
0.00812017257394
0.0272696157407
0.0365777258575
0.0154750350887
0.00627181746287
0.00694693809417
0.011290451244
0.00736615450869
0.0204096192212
0.0063368404127
0.00936982726458
0.0302566944845
0.00937353125516
0.0126353150666
0.00710636140227
0.00440762066417
0.0109278172716
0.147874372724
0.0280645434118
0.0116409584507
0.0108261419616
0.0104079688107
0.017390720791
0.0231956595679
0.00609704076901
0.1518921832
0.156766256464
0.021208776987
0.00988648297234
0.0491451621314
0.0142441055649
0.0329968057434
0.00497972627117
0.00627181746287
0.00705049240571
0.0336832059403
0.00631232268018
0.00592291304071
0.0193547077769
0.0151022785458
0.0190559582026
0.0367595225132
0.0118280300235
0.00973816276993
0.0096174074811
0.00828506142172
0.00406013593716
0.00628627695766
0.0163687596786
0.0454156297558
0.00827519184962
0.0607916022192
0.0195853119292
0.0193472884866
0.00543537120055
0.00581678652593
0.00766455101953
0.00867580369058
0.0185379332517
0.29929648356
0.00958044179692
0.0670813239207
0.0151929971149
0.0113024741538
0.178582158491
0.00708068771159
0.165382923408
0.0876360349687
0.0343051648497
0.011290451244
0.00710636140227
0.0058045307593
0.0142441055649
0.00883074214537
0.00748616528848
0.18819065126
0.0225641387803
0.0137717307094
0.0116379869539
0.248811742101
0.0210383991383
0.0044746326191
0.0148891274541
0.00537295566258
0.0102325401647
0.0628230512828
0.00899969701154
0.00510741910487
0.0117823427005
0.00627181746287
0.022135399791
0.00627181746287
0.0116966227705
0.0169859717509
0.0358609701578
0.0174158457326
0.0168703788493
0.0237526408935
0.0481684187912
0.0756347332331
0.0925971652934
0.00522755790747
0.135975917341
0.00653176983179
0.00814091353345
0.0268442603242
0.0236055021145
0.0166119684267
0.0113947440542
0.020468593299
0.0634284206592
0.0221702198938
0.0128699511647
0.0150155796974
0.0178587018081
0.0247143732523
0.00447907310269
0.0265204040608
0.00592291304071
0.0354107672821
0.0244386381998
0.0212883613893
0.0185104485904
0.00517117783687
0.164657991035
0.249004553837
0.0536778793849
0.0193472884866
0.187233915621
0.0209290641694
0.00619457274702
0.021736366384
0.194062454317
0.0173940068377
0.0287711717302
0.00694693809417
0.0627736854117
0.0135534071085
0.149821520659
0.252841794814
0.0104079688107
0.0126353150666
0.00570701717266
0.00656999052631
0.0126353150666
0.010268143629
0.0676125478495
0.231588118023
0.00643242860852
0.010322138194
0.142706209851
0.00607586658666
0.00895744054856
0.0211334140854
0.00694693809417
0.0109572916542
0.00825014154099
0.0171300245483
0.0770395121427
0.00937906653913
0.0270897030197
0.0481173614775
0.0137925311264
0.0066743834561
0.0362404894584
0.0229360080568
0.0146309180802
0.00815744667932
0.00622177662526
0.04533207777
0.0116212718546
0.0336419198534
0.0620928326905
0.0109572916542
0.00869236237172
0.00653176983179
0.0342035777008
0.0073925153495
0.022094905598
0.00861541858706
0.0618653917026
0.170689203351
0.00914577450012
0.0230736294729
0.0931270227955
0.102953969977
0.013024431708
0.0085904999101
0.025117491191
0.00842730059199
0.321321846173
0.00648322761535
0.0110932633057
0.00813514534068
0.00575780969234
0.0105738486262
0.224632943783
0.0765237718684
0.0137717307094
0.00641584771652
0.011548393427
0.0232476781163
0.191221597876
0.0096491758595
0.00627181746287
0.0370185955848
0.178668543683
0.00627181746287
0.0252637301874
0.108330598843
0.0103792427655
0.00619457274702
0.0124827415064
0.164105814768
0.0142441055649
0.0169403756153
0.0210787773347
0.00906882312063
0.024936453668
0.00638215945895
0.1781239533
0.00997316068287
0.0582795340981
0.00504189902138
0.00682759498911
0.0531484401087
0.0241379257695
0.280906409283
0.00972308583359
0.0203773694716
0.236575493522
0.0778110993851
0.0106219576287
0.0063368404127
0.00827748433726
0.29929648356
0.00977237318875
0.0287893061695
0.052079587669
0.00641584771652
0.0258637204517
0.0138851420407
0.0860603651794
0.00577821754567
0.255428207355
0.013577478576
0.00919250363971
0.0103141332795
0.0102588829387
0.173127596569
0.00844477713287
0.00627181746287
0.0135945882357
0.11056588999
0.010831421464
0.066025846255
0.00814667363843
0.0280676401964
0.00926565427611
0.0323933009645
0.0194185370377
0.255428207355
0.0106432274846
0.00627181746287
0.121145665196
0.0157151238468
0.00896735209141
0.269775009304
0.0142441055649
0.00780495860075
0.0747600483044
0.00892186927131
0.0200289199724
0.00816969860135
0.00627181746287
0.025970134969
0.0114568967647
0.0142441055649
0.140808549573
0.0282417924351
0.0254584637038
0.0373305126052
0.0817362864653
0.0140859097498
0.0142441055649
0.010191957359
0.181749912236
0.00619457274702
0.0321944016632
0.0145697399452
0.00656999052631
0.211655009034
0.00525321572763
0.164453532115
0.0104573776007
0.0939769254659
0.0225080527337
0.0100036911194
0.00710636140227
0.0200894917288
0.0215437062202
0.00708955959294
0.00655280504175
0.108330598843
0.0142441055649
0.0110932633057
0.01040694588
0.00892186927131
0.0196421050247
0.0314872659291
0.00446268261194
0.149821520659
0.0195853119292
0.0110596111356
0.0141700599563
0.00504189902138
0.0219136164147
0.00627698516503
0.0197913595428
0.0113617205869
0.0142441055649
0.0142441055649
0.0239872089368
0.0370185955848
0.00694693809417
0.00926119663246
0.0478149773583
0.0253925574748
0.195485634002
0.0157151238468
0.0323933009645
0.0316521541968
0.00494403044977
0.0069749742348
0.0150949992066
0.0294253804339
0.0225557310526
0.012204324754
0.00674355167883
0.00756208621691
0.0346182117773
0.0208379843955
0.00475652156512
0.0225071600486
0.008865767283
0.00497972627117
0.0328678501098
0.0265480575059
0.022094905598
0.0125319449387
0.0283061032067
0.0128002076516
0.0152825905073
0.412938898158
0.0593581028112
0.139895847123
0.0320847189201
0.029619227378
0.0201048429723
0.0116854867947
0.0128152840527
0.2475239987
0.0215470704078
0.00683038054791
0.00627181746287
0.0364917874997
0.0215100601594
0.0102325401647
0.144342937946
0.0731819761631
0.0113617205869
0.0476035768407
0.0063368404127
0.0149381297958
0.0100036911194
0.0169551787815
0.0426132926381
0.00641584771652
0.0258549181745
0.00824049775964
0.00694693809417
0.00736615450869
0.183721605807
0.0871384723226
0.183721605807
0.0142009534881
0.00710636140227
0.0210857894551
0.0127348164615
0.017390720791
0.0225641387803
0.0115470908879
0.00641584771652
0.037391534012
0.0382889244394
0.00666809875656
0.197403400081
0.00497972627117
0.181749912236
0.00868063605132
0.00497972627117
0.0125206779523
0.226666683054
0.00617941771513
0.178582158491
0.0166722333992
0.234461746824
0.0135534071085
0.0142441055649
0.0286070437584
0.00627181746287
0.00987630819859
0.00446268261194
0.0497097911371
0.0124906691801
0.00675762895227
0.0263834079347
0.0105654883232
0.23063422274
0.0118428500039
0.00627181746287
0.218820807255
0.00922014203169
0.00893341034628
0.00627181746287
0.00504189902138
0.0321944016632
0.0358609701578
0.00627181746287
0.0178252952365
0.0480109877456
0.16552924962
0.0142441055649
0.0195770092517
0.0235034789652
0.00627181746287
0.0218626701139
0.0280928333512
0.0108104768592
0.00843471836871
0.0118956979052
0.139895847123
0.00707506507758
0.00670038704161
0.0136440586201
0.0061073249145
0.166224999248
0.00607672374608
0.00446268261194
0.00554416401323
0.0200151537152
0.008865767283
0.0577923526154
0.0301687294272
0.0290386702597
0.0133876893618
0.0110932633057
0.00627181746287
0.0528435732695
0.0142441055649
0.00627181746287
0.0156661804947
0.0195853119292
0.0303891873297
0.191687290433
0.00710821028995
0.0118386622015
0.008865767283
0.0142208059002
0.00949869962019
0.0233375889355
0.00853713912103
0.0142441055649
0.00627181746287
0.0321944016632
0.00668025990882
0.0109572916542
0.00592291304071
0.0445294588346
0.0214727094747
0.0142441055649
0.0085904999101
0.0376107749026
0.00720889016063
0.011290451244
0.00656999052631
0.0074007645397
0.0109572916542
0.00568685935067
0.274077872839
0.00736615450869
0.00911756936017
0.102733773756
0.0132352117346
0.00615882789046
0.0178470971569
0.00929158687955
0.00653202537926
0.00815309110902
0.0288816477314
0.00809094602229
0.170279236926
0.00627181746287
0.0137717307094
0.0516870103651
0.215151895684
0.0142441055649
0.0983724264707
0.0173571204151
0.017390720791
0.18318655859
0.0263526191531
0.0491102997837
0.00682759498911
0.00817766730335
0.0308504241515
0.0170278197259
0.132753492567
0.0195853119292
0.0127601387144
0.0202765214366
0.042150721297
0.0399692616459
0.00736615450869
0.012215631111
0.0578116876227
0.0137717307094
0.0253942070678
0.00440762066417
0.0860787623613
0.00766424299213
0.0100036911194
0.00446268261194
0.246739327804
0.020824516662
0.0107440611609
0.0186458599704
0.00504189902138
0.00701398506297
0.0208206882729
0.0223911176668
0.018776839659
0.00627181746287
0.0708339117638
0.0184136676352
0.0142441055649
0.0120180715286
0.00549003955728
0.0172378090904
0.00937906653913
0.0182341036823
0.0230736294729
0.00641584771652
0.201562290114
0.204703099475
0.00943324931258
0.0244377331081
0.0227082906297
0.0201542252285
0.0763190941315
0.15027801138
0.0169856783146
0.259814309221
0.0462855739796
0.00497972627117
0.0126353150666
0.195485634002
0.00769916228071
0.0203205888406
0.0856808410954
0.0249047030533
0.0111420887531
0.0392175814982
0.00627181746287
0.0093464684177
0.144214798752
0.00827519184962
0.2475239987
0.0212537734467
0.0119990760169
0.102733773756
0.18318655859
0.0150949992066
0.0185822890288
0.0604673569059
0.0128577138049
0.00497972627117
0.0110932633057
0.00627181746287
0.0297216808774
0.012011252173
0.0365777258575
0.00497972627117
0.0822319176964
0.00558537100806
0.0628230512828
0.00875637840739
0.00847903296638
0.0419565015777
0.0123740643691
0.24272215481
0.0100036911194
0.0342035777008
0.00892186927131
0.00814420437349
0.0321944016632
0.0137717307094
0.113352985628
0.0137717307094
0.0321944016632
0.200823388839
0.00497972627117
0.00496311385655
0.0106784042206
0.00773311183346
0.0485366235516
0.076927506729
0.0351348351227
0.0212537734467
0.0283964258725
0.108517566136
0.107203731995
0.0443588447073
0.0115983757615
0.0321944016632
0.0223196823516
0.192050966168
0.00614929714368
0.316422609635
0.0375671781657
0.0109572916542
0.0073925153495
0.0109572916542
0.0370185955848
0.00736615450869
0.00464464281045
0.0628230512828
0.0172378090904
0.00653176983179
0.00577821754567
0.00797702548116
0.0142441055649
0.280906409283
0.0119098141699
0.011290451244
0.0535601562025
0.0236776907951
0.00458734612703
0.0250215483991
0.0273571240213
0.00627181746287
0.0256249371387
0.0126353150666
0.0171020223273
0.0189112238519
0.0050510635224
0.243551077121
0.00521679356283
0.0200894917288
0.0132031680857
0.00892186927131
0.00694693809417
0.00641584771652
0.00627181746287
0.0140552552323
0.0080686556649
0.00641584771652
0.00724343637538
0.00826836412148
0.00700311562865
0.0195770092517
0.0148973301136
0.017390720791
0.017390720791
0.00627181746287
0.0490125937353
0.0263320464361
0.00892186927131
0.0508207221731
0.0154428039032
0.00497972627117
0.0142441055649
0.00701871857406
0.0353109597737
0.0238203398481
0.0126353150666
0.0050127043476
0.181749912236
0.00657691223123
0.0152825905073
0.0086289321717
0.0710393905841
0.0299755609714
0.0236055021145
0.0202053142603
0.0172378090904
0.0236055021145
0.0137717307094
0.0085904999101
0.0139364185404
0.232907835605
0.00895744054856
0.00668624278494
0.00497972627117
0.252841794814
0.0840759214967
0.0173453143577
0.0269489753923
0.00589803851328
0.0110932633057
0.246739327804
0.00497972627117
0.0154571921714
0.011290451244
0.00878706725282
0.00923259425541
0.008865767283
0.138028921814
0.0281540169366
0.0297216808774
0.0365777258575
0.101589942783
0.0112507952634
0.0832736462355
0.022388922865
0.0441270555239
0.00627181746287
0.0110932633057
0.0144236602746
0.017668081261
0.0329140181519
0.0140867204521
0.00896692426787
0.00810919102234
0.0110932633057
0.00641584771652
0.101148207353
0.0283329785062
0.0576477774207
0.0420302175069
0.0063553462568
0.00446268261194
0.00494562584649
0.0050745016305
0.00719115182963
0.0142441055649
0.207333912226
0.00697988882401
0.0196170578595
0.0162471022662
0.0199853387895
0.00775089351933
0.00659858893942
0.0390605374514
0.0305528809289
0.0217652531112
0.0147499735148
0.0109572916542
0.00458734612703
0.0368026758593
0.0117564111281
0.0168157753621
0.0710094144072
0.181749912236
0.0195853119292
0.00694693809417
0.00993397807074
0.00963688704402
0.0154943979943
0.0142441055649
0.204703099475
0.00570701717266
0.0247072594652
0.00491064694476
0.178582158491
0.00705049240571
0.00681937230548
0.136961628834
0.00627181746287
0.0063368404127
0.0124378098792
0.181749912236
0.0114069075314
0.00641584771652
0.0142441055649
0.0175597776924
0.0273346948331
0.0470395521699
0.0383043283648
0.0208428978818
0.0224287782182
0.0133876893618
0.00782407102514
0.0208063368045
0.0200894917288
0.0110932633057
0.0365777258575
0.0254058524397
0.0271788290608
0.0246135419673
0.0260817487282
0.00705049240571
0.0075507759738
0.0346005928247
0.0675863768061
0.0102325401647
0.0231956595679
0.008865767283
0.0175666748247
0.0838209612014
0.0773556230556
0.00428155053771
0.0488467686396
0.0142441055649
0.0126353150666
0.0110900516428
0.0648420471836
0.0142441055649
0.0343676542172
0.0578655070813
0.0241202769617
0.0110932633057
0.0232541841639
0.0355718853216
0.0191803736748
0.012011252173
0.18318655859
0.19942327027
0.00710636140227
0.0830658276649
0.0282386726202
0.0304365264162
0.00575780969234
0.00816228800822
0.0142441055649
0.112517685885
0.0387215994114
0.00641584771652
0.00710636140227
0.00895744054856
0.0309952124884
0.0123706791842
0.00575780969234
0.00939164160029
0.0321944016632
0.020954692911
0.00627181746287
0.00708955959294
0.0110932633057
0.0163008965372
0.0101107775681
0.00641584771652
0.0077132021734
0.00934951172565
0.0142441055649
0.0190214253836
0.108330598843
0.0222596482465
0.0156818299441
0.0232528767309
0.012433519321
0.113609249956
0.276594630733
0.0196170578595
0.0149626958284
0.0323933009645
0.0323933009645
0.00953282003576
0.10077359642
0.0133202374263
0.0288843369813
0.156170539062
0.0100183082631
0.00552455196292
0.011842284459
0.0135534071085
0.0110932633057
0.00913260844749
0.0363311614199
0.008865767283
0.0297216808774
0.00454766244607
0.00849945697013
0.01772357962
0.0145339611722
0.0599254243951
0.215151895684
0.00494403044977
0.0235320827981
0.008865767283
0.00707041435125
0.095011851331
0.0278726439538
0.0329140181519
0.00691142274242
0.0107647577416
0.0133214547402
0.00551545761596
0.00906882312063
0.0282386726202
0.00602354971626
0.00891577891763
0.0471736778744
0.0126353150666
0.0188036265351
0.0162285643536
0.164105814768
0.00816969860135
0.0602567642959
0.00701065699702
0.0145378141646
0.200427359508
0.0142441055649
0.0152825905073
0.0887320172349
0.0135534071085
0.0573168477274
0.0146956057175
0.00641584771652
0.0274711678086
0.00497972627117
0.0321944016632
0.037391534012
0.00912619820147
0.0135125470292
0.00815309110902
0.0163832839924
0.01837170651
0.0154321017453
0.0106432274846
0.0832736462355
0.011888541553
0.0151046857009
0.0599254243951
0.0176096257401
0.017390720791
0.0133214547402
0.0675497647499
0.0421501215312
0.157306852283
0.00694693809417
0.0876360349687
0.0296408779038
0.0231956595679
0.0110932633057
0.00627181746287
0.00970899386074
0.0389236904007
0.0235617191676
0.0395794436404
0.0172017799776
0.0346182117773
0.00568685935067
0.00641584771652
0.00446268261194
0.0244140765625
0.296751369594
0.0109572916542
0.0136686441914
0.149821520659
0.00889343497898
0.0373363036389
0.0292820347832
0.0125571782693
0.0166559070499
0.0212537734467
0.0103472404852
0.236844202079
0.0104350920159
0.00912619820147
0.0176825062489
0.0106349314716
0.0937288929381
0.0310217915989
0.0050745016305
0.00958044179692
0.0158882925063
0.0648734352413
0.0100664816116
0.0244327133755
0.0250925627105
0.0058554575643
0.00775599960114
0.0058554575643
0.0220152297905
0.00446268261194
0.0231956595679
0.0335223527648
0.00816969860135
0.0903978997569
0.181749912236
0.00565623584404
0.0628087656772
0.231629740332
0.011290451244
0.0125907521511
0.00458734612703
0.00446268261194
0.0137717307094
0.0126353150666
0.149821520659
0.008865767283
0.196030998418
0.00641584771652
0.0270872850892
0.00958044179692
0.00619457274702
0.0118562210807
0.00641584771652
0.0133454668687
0.0554862153615
0.107277608025
0.0054329625715
0.0284767934998
0.0232503119306
0.00506734177119
0.0999187612809
0.0278520906023
0.0191100072727
0.0142441055649
0.235980875004
0.246739327804
0.00875685658802
0.0212537734467
0.22613012354
0.0285776788102
0.00985331546909
0.0217498154651
0.0407519804313
0.0131573326228
0.00916591425046
0.0195853119292
0.0109572916542
0.2883731877
0.00783483298331
0.0063368404127
0.00641584771652
0.200823388839
0.0640513606351
0.0226464622379
0.00627181746287
0.00627181746287
0.0414715793022
0.00762386883491
0.0100036911194
0.0126353150666
0.0466757516972
0.00736615450869
0.165840855121
0.00975897791272
0.0297216808774
0.0630640346817
0.011711521867
0.0110932633057
0.0247422977185
0.0786835143639
0.00592291304071
0.00657500909419
0.0244953031965
0.179019468309
0.200823388839
0.00965792413777
0.115777886699
0.00632056584995
0.0329140181519
0.0106311365274
0.128463682593
0.178582158491
0.0152825905073
0.00943324931258
0.0170842074975
0.0106432274846
0.00470483382569
0.0423923775531
0.0231952479981
0.186424870305
0.0336067991958
0.00627181746287
0.00699156055022
0.178582158491
0.00697988882401
0.00497972627117
0.0231815603973
0.0938966505396
0.0303660208622
0.00694693809417
0.0101371333017
0.238603194891
0.149821520659
0.00556674946035
0.0249082935246
0.020824516662
0.0266227245723
0.0142441055649
0.0201542252285
0.0227381665809
0.0621746908513
0.0200289199724
0.0321944016632
0.0132095660715
0.0755275656985
0.0151625645739
0.00627181746287
0.0485744732179
0.0059010485413
0.052294554017
0.0321944016632
0.00641584771652
0.0063368404127
0.0268525501748
0.0131966532408
0.0063368404127
0.0195853119292
0.011548393427
0.0177182058342
0.0119267943742
0.00627181746287
0.0238809652264
0.231629740332
0.00916270484851
0.0100036911194
0.149821520659
0.102733773756
0.0259840382367
0.008865767283
0.0353900246876
0.164105814768
0.00725173185249
0.013759888997
0.0832736462355
0.0195853119292
0.0521989871055
0.0256772276794
0.0193679725215
0.0133401249861
0.157306852283
0.00681729784501
0.0197639710109
0.00536321027812
0.00945498657021
0.0102091133448
0.0896203416961
0.0126353150666
0.0157469037061
0.00641584771652
0.0172702914591
0.0578655070813
0.0513979829075
0.00641584771652
0.00556674946035
0.139895847123
0.0496239321292
0.0289038046231
0.0327900645127
0.0091514119361
0.0329140181519
0.0481008219819
0.098149327897
0.0174580289722
0.0145697399452
0.0132761722317
0.0832736462355
0.061681517237
0.0100219932406
0.0263917855067
0.00949869962019
0.0199625126805
0.0195793208228
0.0102842738748
0.10077359642
0.0137717307094
0.0231712649451
0.00856852330208
0.0162987464795
0.0212185454282
0.00567913332425
0.00822616430632
0.0217776155802
0.0109572916542
0.008865767283
0.0234107446439
0.00446268261194
0.0228370498175
0.08448515442
0.0237526408935
0.231629740332
0.00868440564578
0.00653176983179
0.0229490048133
0.0346182117773
0.017970148818
0.10077359642
0.0132702738903
0.051433518517
0.0217652531112
0.00730731654626
0.00558537100806
0.143373970115
0.0321944016632
0.00440762066417
0.0382119421671
0.050144329579
0.0155161322162
0.00497972627117
0.0236055021145
0.00557221245041
0.0141063156773
0.0441083104743
0.0112136334865
0.0109572916542
0.0338009926897
0.0887048342321
0.0302057251715
0.0417625224524
0.0636601644583
0.0297216808774
0.0952810067983
0.144320504883
0.00761868808411
0.00672082191673
0.010679108141
0.0207601319753
0.0142441055649
0.0142441055649
0.0177483310838
0.00814091353345
0.0132031680857
0.0142441055649
0.0355617750441
0.0188056577546
0.00815067755401
0.183721605807
0.00970899386074
0.0169856783146
0.107127889019
0.00440762066417
0.0105029166289
0.183721605807
0.0142441055649
0.0247072594652
0.0229376329587
0.0171300245483
0.137460439669
0.200823388839
0.0554448174479
0.0242814665821
0.00824708706431
0.0329140181519
0.0135534071085
0.00627181746287
0.0137717307094
0.00928610881437
0.00843814821145
0.0187299541958
0.00617941771513
0.00619457274702
0.0232466742238
0.00492753652705
0.0661249058847
0.0501262251967
0.121182733525
0.0200894917288
0.149821520659
0.0329650294038
0.0660242418223
0.00919603097764
0.008865767283
0.0231956595679
0.0837608049551
0.0142441055649
0.0877774118981
0.157306852283
0.0133876893618
0.11241243284
0.0335223527648
0.0110932633057
0.0104902935601
0.00606769687952
0.00937906653913
0.161527729785
0.0280916449339
0.0147202645244
0.0410288100351
0.0230781259929
0.0104079688107
0.0333426282555
0.00710636140227
0.0244980242586
0.0192405834636
0.0611450790843
0.0118215090992
0.00641584771652
0.014924559568
0.259528402666
0.181749912236
0.0390984703513
0.0162348352337
0.00627181746287
0.114677168641
0.011548393427
0.00627181746287
0.0212537734467
0.0097691592207
0.011290451244
0.108330598843
0.0171300245483
0.22613012354
0.0342035777008
0.0172378090904
0.052255405637
0.00787525398491
0.00736615450869
0.021135247599
0.00522755790747
0.018654272509
0.00698194087806
0.0046133936356
0.00627181746287
0.00619457274702
0.00641584771652
0.39076885809
0.0528435732695
0.0528435732695
0.0343232371812
0.00627181746287
0.0238607401227
0.011762096387
0.0165127511081
0.00906882312063
0.0110932633057
0.021697312671
0.017390720791
0.00446268261194
0.00675762895227
0.0104057598484
0.00772082312793
0.0356741544814
0.0373516108767
0.057724049532
0.178582158491
0.0232721969865
0.0106846077908
0.00627181746287
0.0150551152476
0.0124503978089
0.0161182333224
0.0077132021734
0.0370640493538
0.0110932633057
0.0333851384521
0.00917559614722
0.00513785155762
0.00627181746287
0.0066633097608
0.0120736099421
0.0113617205869
0.0656985934297
0.0193223226706
0.0358609701578
0.0109572916542
0.00892186927131
0.0302566944845
0.0335225342116
0.0100163154038
0.0133460164587
0.0416281849156
0.0063368404127
0.193079795016
0.0248931335159
0.00710636140227
0.01121627031
0.007699120431
0.0168157753621
0.0257165688826
0.0121334920241
0.0230736294729
0.0074975168691
0.0153611079354
0.0243630554738
0.0224526659893
0.011290451244
0.0507746358464
0.0456454912395
0.011290451244
0.0435123193237
0.00570701717266
0.0188399796503
0.0150995680935
0.00497972627117
0.0171143696831
0.00938921399712
0.00641584771652
0.00892374873805
0.0427951581214
0.00498877832937
0.241029393069
0.00497972627117
0.0612616469063
0.0110932633057
0.011290451244
0.0349664811765
0.00958044179692
0.00627181746287
0.00694693809417
0.010405826447
0.015909796971
0.00656999052631
0.204838379173
0.0142441055649
0.0142441055649
0.181749912236
0.00627181746287
0.0109572916542
0.00705049240571
0.164453532115
0.011548393427
0.0308281190274
0.00530315678815
0.0921345581314
0.246739327804
0.0066743834561
0.0231956595679
0.00811080257761
0.0142441055649
0.0522902595961
0.195485634002
0.165840855121
0.0195853119292
0.0137717307094
0.0938966505396
0.0113617205869
0.00446268261194
0.00828972404574
0.00575780969234
0.138100139785
0.012189502103
0.00828578092989
0.200823388839
0.0172431486953
0.137474629461
0.0443588447073
0.00697988882401
0.0323933009645
0.00563078449296
0.00708955959294
0.0104350920159
0.0106025522786
0.00614889608271
0.0138803433716
0.0109572916542
0.00470483382569
0.0321944016632
0.00796240094684
0.0337892561369
0.0172378090904
0.00976739562285
0.00675762895227
0.067693867275
0.0104087548333
0.00705049240571
0.00719859671384
0.0401888102762
0.0063368404127
0.00892247234468
0.00710636140227
0.014279615539
0.052294554017
0.154711190337
0.0062314912128
0.013024431708
0.0066743834561
0.280906409283
0.0315201456895
0.0164805987666
0.0528435732695
0.0198167574545
0.0116690428013
0.00555209573074
0.0142441055649
0.0108036563831
0.137196924793
0.0232903416401
0.0107087551615
0.00627181746287
0.20696350723
0.00884861376913
0.215620736141
0.00497972627117
0.012215631111
0.0123068101257
0.0148668056852
0.0163839306341
0.00641584771652
0.0647277811778
0.0142441055649
0.0157469037061
0.109423402236
0.0109572916542
0.0501083223273
0.0140783983023
0.0385056335676
0.00814091353345
0.008865767283
0.0152003120625
0.00497972627117
0.00627181746287
0.164453532115
0.00799505542174
0.033209313851
0.0329140181519
0.011483717719
0.0066743834561
0.0195853119292
0.00917928512884
0.0229448921093
0.0232047406721
0.0184310068739
0.00497972627117
0.0891402159427
0.0599254243951
0.0102631045035
0.0140111496261
0.240463617208
0.0215244480595
0.0116742795972
0.0188495090634
0.0110375454796
0.114446571869
0.00440762066417
0.00570701717266
0.0063368404127
0.0341023457257
0.310530351012
0.0110932633057
0.00943324931258
0.0221614115034
0.0234107446439
0.022094905598
0.0388494738254
0.0256235652038
0.00697988882401
0.0101614394869
0.259528402666
0.24620092879
0.0445239003209
0.00898265332878
0.113352985628
0.0100024221794
0.00497972627117
0.0115199241022
0.00862753378027
0.274077872839
0.018176202857
0.0063368404127
0.00694693809417
0.008865767283
0.00814091353345
0.0227082906297
0.0150551152476
0.00444778734972
0.00694693809417
0.138028921814
0.0159413528204
0.0321944016632
0.123754482258
0.0110401595748
0.0236055021145
0.0476035768407
0.00955057361252
0.0152003120625
0.00694693809417
0.0238894190346
0.00458734612703
0.00710636140227
0.0225786414846
0.0103557792208
0.0113617205869
0.0325930557256
0.225521467822
0.0158984862804
0.0382782599172
0.11737627051
0.0236920066635
0.0178690755258
0.0241379257695
0.119704977744
0.0277737051547
0.0353333511663
0.0149209259129
0.213457625164
0.178582158491
0.0292774111016
0.0112709432511
0.0473555958799
0.00577821754567
0.00641584771652
0.0182338026731
0.00768506823683
0.00645247254332
0.0564936853676
0.0109572916542
0.0358609701578
0.088835006579
0.234461746824
0.0142441055649
0.119280757097
0.00411087487599
0.00627181746287
0.0117017287896
0.0862265261722
0.0142441055649
0.0120943709366
0.236607720981
0.00446268261194
0.00724602333602
0.00694693809417
0.247862373404
0.00795988096273
0.00627181746287
0.0167787079449
0.00694693809417
0.00581069131608
0.0329140181519
0.0150949992066
0.0142441055649
0.11552641292
0.0277699737222
0.113352985628
0.0370185955848
0.0420815559547
0.0844591244696
0.0099632640811
0.0681943138678
0.165840855121
0.0241379257695
0.0963061497207
0.0329140181519
0.0132958087893
0.198589745089
0.0195853119292
0.0224054286043
0.00627181746287
0.0429406579344
0.00504189902138
0.0105805345639
0.00641584771652
0.0342035777008
0.0132487889232
0.209878982302
0.0128569117356
0.0119053016331
0.00604552836303
0.00467525092505
0.178582158491
0.0169601168566
0.00627181746287
0.0142441055649
0.0219803570253
0.0142441055649
0.0231696068258
0.0268195357845
0.00743009523167
0.00627181746287
0.00577821754567
0.00610902078494
0.0231956595679
0.0110932633057
0.0137717307094
0.0315360325855
0.118162702793
0.0171502488563
0.00793452075967
0.0282148954962
0.00710636140227
0.171138023257
0.0829516668109
0.00710697476275
0.0237968614759
0.0345189141274
0.0277895554475
0.0185556524694
0.1518921832
0.20644071265
0.038900913729
0.0822071384828
0.178582158491
0.0351818840101
0.0773556230556
0.259528402666
0.0100036911194
0.0117309546711
0.276594630733
0.190956901388
0.013024431708
0.0349664811765
0.00691142274242
0.0159413528204
0.0329140181519
0.0186519687639
0.0215700899026
0.0108433977638
0.00627181746287
0.00526957765175
0.00627181746287
0.00775599960114
0.24272215481
0.00526135470074
0.00497972627117
0.0515776382275
0.0206943968908
